""	"AqFl2-01"	"AqFl2-02"	"AqFl2-03"	"AqFl2-04"	"AqFl2-05"	"AqFl2-06"	"AqFl2-07"	"AqFl2-08"	"AqFl2-09"	"AqFl2-10"	"AqFl2-11"	"AqFl2-12"	"AqFl2-13"	"AqFl2-14"	"AqFl2-15"	"AqFl2-16"	"AqFl2-17"	"AqFl2-18"	"AqFl2-19"	"AqFl2-20"	"AqFl2-21"	"AqFl2-22"	"AqFl2-23"	"AqFl2-24"	"AqFl2-25"	"AqFl2-26"	"AqFl2-27"	"AqFl2-28"	"AqFl2-29"	"AqFl2-30"	"AqFl2-31"	"AqFl2-32"	"AqFl2-33"	"AqFl2-34"	"AqFl2-35"	"AqFl2-36"	"AqFl2-37"	"AqFl2-38"	"AqFl2-39"	"AqFl2-40"	"AqFl2-41"	"AqFl2-42"	"AqFl2-43"	"AqFl2-44"	"AqFl2-45"	"AqFl2-46"	"AqFl2-47"	"AqFl2-48"	"AqFl2-49"	"AqFl2-50"	"AqFl2-51"	"AqFl2-52"	"AqFl2-53"	"AqFl2-54"	"AqFl2-55"	"AqFl2-56"	"AqFl2-57"	"AqFl2-58"	"AqFl2-59"	"AqFl2-60"	"AqFl2-61"	"AqFl2-62"	"AqFl2-63"	"AqFl2-64"	"AqFl2-65"	"AqFl2-66"	"AqFl2-67"	"AqFl2-68"	"AqFl2-69"	"AqFl2-70"	"AqFl2-71"	"AqFl2-72"
"AqFl2-01"	0	2.04240931262192	3.29049834417792	2.92181699639885	2.71609064566457	3.66291280325357	2.64984419671991	3.14637632161644	2.17556068201625	0.503628657401592	3.0216933839289	2.2597116720522	3.61068191174298	3.02683465909523	2.93349401907762	3.80375662174619	3.20795984960104	2.39917449996904	0.0927198751493166	1.6882904931175	3.09048741137258	2.80544270895928	3.14719668206427	3.11780022491058	1.75168258824785	2.193673593225	3.19373851024567	2.35929766846649	2.38490688710602	3.38933460937046	0.331058450276665	1.73698858553587	1.89149515203698	3.77197609663351	3.19824086850547	2.65400773907142	2.72977378177064	3.15670986755487	3.51710893420835	2.11705685673829	2.41330344870015	1.68052961234451	0.528352231104693	1.67150225120604	3.00888601490067	1.58696326204752	2.71277285529324	2.5876222977729	0.687580470433332	2.20119089699927	2.48676697025154	2.16617549715997	3.39484836125396	2.64837194949299	2.52106001976157	0.905937178089191	1.16212362266374	1.71435021985961	2.31437859769273	2.57805244024369	2.74882623436447	1.82071258432902	2.11868432777606	2.49605012953648	3.33887580586933	3.28121115854309	2.15195799249036	3.46036518844525	2.2482746229283	1.00915294129304	3.31213270627685	2.95080412590717
"AqFl2-02"	2.04240931262192	0	1.54794154893644	2.14409053891921	1.70640916971363	1.7178779135698	2.67849850030311	1.44642429107584	0.542692219107192	1.80190541367895	1.11720088636284	1.65540962284568	2.33877517330296	2.79818947437489	1.7710578863712	2.1284100805845	1.2568111714172	1.53689806829552	2.10783323623452	0.381985715901664	1.79334736519199	2.74201691576902	1.31968131648613	2.37272816479954	2.24258126148645	0.540853812656127	1.42903901667453	1.03451944171926	1.60999028862261	1.61945329275827	2.26652802211775	0.325045888295228	2.30511947568888	2.68868834992609	2.4030764322334	0.927345001494441	2.93426894449104	1.9110466501188	1.68304454247114	1.53943154612602	0.637229225491949	1.55269083829249	1.96034012862145	0.407170071889485	1.57291554968279	2.09420859573948	0.899001202305385	1.18963785813577	2.06200005182468	0.711442062325134	0.714067992236613	1.42640129749177	1.56776317325777	2.08686749984137	1.09465272993826	1.96731975887351	1.85182827284713	0.888549226887107	1.74261543577649	0.626134520325658	1.28043956183251	1.84485498534441	1.48073923079374	0.51129522716574	1.87055697435402	2.04518937790268	2.46985147789023	2.30191199415843	0.590377020393194	1.99737367181684	1.59557030297867	2.11214072490952
"AqFl2-03"	3.29049834417792	1.54794154893644	0	2.10353159502829	2.05999189440658	0.630877964420159	3.50334546851833	0.654985651385238	1.30142676176489	2.94922550004953	0.561109675294361	2.74174885344551	1.1948980497479	2.53998349807414	1.04338105967343	0.708298300126717	0.579370928098463	1.93150842259399	3.33606341194085	1.74609150480523	1.14670191181882	2.73981215058358	0.454337659249999	2.05257683581299	3.30350246699188	1.6425490573981	0.271132341788131	2.33322616612079	2.20701236941593	0.200044931783512	3.4226556618347	1.83349278309492	2.76270088388699	1.69141489043195	2.12484669663715	0.700750325656714	2.80234904209679	1.0992139981246	0.322206421638408	2.20951083509231	1.42871251764564	2.59700069867254	3.06914002295417	1.73968313601471	0.961252882173354	2.9651880800481	0.661069931718795	1.330133155905	3.03806004845574	1.43470823246331	1.49389527968041	2.43852255113286	0.452878331562299	2.03177335675275	1.02283488584842	3.18863591584682	2.87021893418991	2.06514013691451	2.74990500638856	1.02523125003059	0.709975368187482	2.11978427088734	2.64169544476736	1.09188020229203	1.22934215955111	0.990932341637339	2.74247615171147	1.4669341605513	1.43819841698745	3.19012939770829	0.319116192469814	2.14829545094144
"AqFl2-04"	2.92181699639885	2.14409053891921	2.10353159502829	0	0.79687860849364	2.41033955241117	4.57698456093419	2.59206835668516	2.32354005248705	2.85745357737993	2.25667634840529	1.8817061263676	2.82727680933635	3.49597384954855	1.38270828862187	2.72209000780406	2.13990642336998	0.694907081689733	2.97827413082871	2.17367038128893	2.85676023255916	3.70980660945229	1.83338268978185	0.525982323825802	3.97120046384764	2.64274599624047	2.27726171254422	2.51571108344319	0.935937267661511	2.02330290312649	2.91757494841646	2.1791947241094	3.28716821030077	3.25522981529452	0.385837570092586	1.73424992064805	3.00712876086981	2.73011190583386	2.37485085436571	0.971473092396021	1.70687737247927	1.56125073112726	2.96598396338698	2.14161026960343	2.71750993072114	3.57218431259876	2.05142037648613	1.03847978845466	2.51772117262227	1.441116972942	1.74764542078071	1.5974354693176	1.90986254568189	0.577671779398875	2.41219280090428	3.40063289530679	3.25418855525477	2.83261048426271	1.74808063853542	1.89518886185135	2.20048979260869	2.05319276208409	1.91998677108139	1.99462983897192	3.14165167219617	2.4378620720451	3.27962211062246	3.147054849671	2.55184484089391	3.46283841684937	2.37973330466152	0.240035098383397
"AqFl2-05"	2.71609064566457	1.70640916971363	2.05999189440658	0.79687860849364	0	2.21655653880224	4.30530774929963	2.47597784540732	2.04323762069581	2.69319880814198	2.02443917719067	1.17392362946207	3.01308285071807	3.72249822077669	1.68974295988563	2.75492381518931	1.87906380486695	0.434534925036032	2.78995514260538	1.80982696086277	2.86910226013358	3.84685305672268	1.67126339171816	1.28823876688309	3.71211270629522	2.23762802800255	2.18274087106311	1.81349087499466	0.365201718788895	1.97668821250056	2.79079998769715	1.73406086877538	3.3565836573764	3.46726651755656	1.15110290382462	1.55781996130709	3.39391984466768	2.81854666350793	2.2788705985278	0.632737634760051	1.17684875880751	1.14700574738112	2.8313771666443	1.78952375784989	2.67543605261661	3.43514586150747	1.84374114462313	0.763961416472972	2.49266959342255	1.03192510564837	1.17347578723173	0.90665707365834	1.79178193067138	1.19500477776402	2.30161519133601	3.15533149591301	3.0915664981452	2.49679012257022	1.05828003642645	1.51300061046026	2.17696195534485	2.27222910667317	1.22117096853834	1.60583149565758	3.06633156579377	2.63490518274027	3.42357194177277	3.25918315149807	2.21750031775628	3.22438963185475	2.33039375974663	0.608259324688017
"AqFl2-06"	3.66291280325357	1.7178779135698	0.630877964420159	2.41033955241117	2.21655653880224	0	3.72777232699077	0.940391143088354	1.58172828493831	3.35063894728086	0.678850495367322	2.8130832713003	1.67162913092269	3.09300257621735	1.60031139973569	0.926060451587579	0.470528192540312	2.20293283155646	3.71773775978788	2.01215453394555	1.57832031877051	3.25411461721963	0.634272834599806	2.44202618905911	3.60073501486594	1.77306745538188	0.676878536168483	2.27284780089612	2.40791022090221	0.55503665053507	3.83114638223614	2.03668059990432	3.2798186372076	2.14576589017655	2.45936422967063	1.06110836951783	3.42468706685273	1.60149702027599	0.405347514669024	2.48027055603633	1.51434041051874	2.84915335593256	3.48539724182147	2.01764331792082	1.36726100726301	3.35930185695857	0.970333909321141	1.57489871113997	3.49366973121585	1.66787430838145	1.53102237605822	2.55379239531119	0.512772456201225	2.46812652451778	1.44658926266069	3.531910765909	3.26376722338939	2.3132980573013	2.83760975711101	1.14430365208102	1.24466552637353	2.69414465324421	2.72314319853896	1.21894415759225	1.47859653297733	1.5658642249619	3.29185230408353	1.90306915831086	1.63374856870553	3.53495870236013	0.736368708373599	2.39924823207869
"AqFl2-07"	2.64984419671991	2.67849850030311	3.50334546851833	4.57698456093419	4.30530774929963	3.72777232699077	0	2.92823985187732	2.42476039551352	2.29450019171013	3.126337763672	3.98385713695201	3.41412202287466	2.71345588220483	3.79467664909611	3.610438172432	3.44355231434483	4.02829819596946	2.63376607218701	2.49700380284107	2.69121579518934	2.24190157718846	3.5927694374387	4.65635987311228	0.909514782872868	2.24161494410671	3.25463742183117	3.18166937380512	4.12170371732663	3.68046170226408	2.87038128828562	2.60366688823211	2.05515310829816	3.3462817362681	4.77671869142712	3.22373800938783	3.37350680271765	2.92519905861921	3.5415801632019	3.93651398371245	3.31348001761528	3.71008751458647	2.30068118855655	2.51599285019093	2.69461107864501	1.31720055170177	3.00961068120342	3.76285915759901	2.93955274132145	3.31512988592573	3.38214029922417	3.85299317385841	3.79524760359775	4.28329957395734	2.53119964793334	1.74776295528202	1.63647454979374	1.81421425893808	4.10800429654565	3.13327555963941	2.91291597117294	3.02586718981918	3.78216698418258	2.99560593323627	2.64891733248333	3.35810844787971	2.31875211439423	2.9458076680353	2.27814683329807	1.64692425844414	3.29681138774463	4.61567429839076
"AqFl2-08"	3.14637632161644	1.44642429107584	0.654985651385238	2.59206835668516	2.47597784540732	0.940391143088354	2.92823985187732	0	1.03680106890972	2.75062048750093	0.552637560612331	2.93820908945043	1.10290491351733	2.23144653191642	1.46748079249232	0.776442971625586	0.839814777174759	2.30096732669928	3.18412590016251	1.60660839523105	0.681351423876184	2.34237431625911	0.943721574983227	2.56008195297368	2.84051734987046	1.32129318235616	0.393444018064726	2.31340886727994	2.54929136188326	0.837928382839377	3.30960743359476	1.72549182636224	2.43616087329593	1.48203232982084	2.65421233831477	0.926545696910967	2.71943466976016	0.799513140387789	0.636563157933958	2.50537324322969	1.59062468423164	2.77200374304227	2.86280082792204	1.609594377569	0.443311763441436	2.54719408351441	0.666514802999996	1.71952536290577	2.97129220640368	1.6291760476902	1.66467377818893	2.65450576829989	1.03095723400331	2.4459333934804	0.652958142664485	2.87081435959624	2.52705646635627	1.70335972028138	2.98118256228682	1.12678048011156	0.563077063650737	2.11048459898127	2.80132224098353	1.11111218398205	0.630374175484314	1.006222650937	2.44644183837509	1.11383650787543	1.0949792877022	2.85299790250272	0.386934459650513	2.63842561282152
"AqFl2-09"	2.17556068201625	0.542692219107192	1.30142676176489	2.32354005248705	2.04323762069581	1.58172828493831	2.42476039551352	1.03680106890972	0	1.82410405386777	0.9052254088086	2.16804383276241	1.88052119475396	2.31755952016358	1.60350199178446	1.76952749405925	1.17171645517696	1.81302447475137	2.2228635597252	0.591105588396824	1.27464792956722	2.27220286732466	1.23778780867471	2.43898051731868	2.08753921007469	0.479871849886677	1.12481998797639	1.54661654038063	1.97643641028753	1.43111149500844	2.37712685884818	0.736281250867565	1.9670525994056	2.18862820874425	2.51613730836143	0.820969469357907	2.59045810270861	1.41520152290716	1.43579441611655	1.87069024754076	1.02431210984631	1.9484915071933	1.95945920796904	0.600579208363092	1.0701526638446	1.85344475610114	0.667102679511482	1.38963335705364	2.11689532989592	1.01516394000643	1.12157677537241	1.91165636955522	1.47533609784979	2.1625695801422	0.581608028772659	1.95047338722565	1.70507408539664	0.771455852149913	2.23937281404356	0.750137342261458	0.858639881258581	1.64615294668322	1.99769239650992	0.63043556700729	1.37399185261262	1.62031510529892	2.10002342482737	1.78395432089413	0.265713439864922	1.95372114394476	1.25745797365229	2.34062222627591
"AqFl2-10"	0.503628657401592	1.80190541367895	2.94922550004953	2.85745357737993	2.69319880814198	3.35063894728086	2.29450019171013	2.75062048750093	1.82410405386777	0	2.69109304673973	2.38789843634768	3.17442547835828	2.5507177843795	2.64120188429246	3.40985869086107	2.91298729455358	2.34466235701086	0.49431676634777	1.4244441869761	2.63694009640944	2.31893631153807	2.86059664068115	2.99677579352703	1.4276728670982	1.88315111372704	2.83353950650123	2.3160611965995	2.39864077600605	3.06793564269474	0.665415987213162	1.53148460814795	1.42274815364413	3.30780654255452	3.1030212254194	2.35846030772704	2.35986360424451	2.71004218000177	3.16979586953614	2.12588826293354	2.2468762745009	1.79701708844447	0.169067073665383	1.40627069836877	2.57385388446057	1.14249977432161	2.38372376376189	2.42602382689754	0.683566690106467	2.03010203422065	2.33594388633096	2.23678515797017	3.10652860770309	2.53421339211599	2.10937025653498	0.648053259466409	0.709016061080103	1.35724411645443	2.44609476341104	2.32544414133193	2.35621842389934	1.48529264182631	2.22718506652154	2.23400688840981	2.89131023057213	2.8662515306817	1.69559090901588	2.99135955913856	1.90092358736417	0.723692536502427	2.93728728308548	2.90831079261219
"AqFl2-11"	3.0216933839289	1.11720088636284	0.561109675294361	2.25667634840529	2.02443917719067	0.678850495367322	3.126337763672	0.552637560612331	0.9052254088086	2.69109304673973	0	2.46868956417962	1.5406331960658	2.64102610562271	1.38723465602787	1.06907053136692	0.344696308051961	1.91161834113364	3.07333046822497	1.37397241393578	1.18735376353981	2.73483478867359	0.535041852089951	2.31866826634343	2.93766156464088	1.14312005713885	0.401160317265311	1.87010988110134	2.11910177295546	0.652451257715994	3.19945074109725	1.43056582564642	2.66223787793766	1.97599752608445	2.36815501901999	0.574299258400057	2.96913511842888	1.26773015573224	0.581072462220744	2.12168173591068	1.10591634444639	2.40233228975369	2.82484132558209	1.37989238300484	0.933132420450915	2.6921563062367	0.339548267364038	1.30080602385016	2.88109285668348	1.21664411797862	1.16219230315374	2.19631862183728	0.69179844770064	2.21435466385836	0.828256033345858	2.85525497029469	2.58680744582583	1.64586997000758	2.51162489764334	0.646349824753093	0.736488564324759	2.15575933494243	2.34389378696676	0.667212981251941	1.16307842614413	1.3467872433835	2.70995362374608	1.63752353462659	0.974284051118425	2.85699521084613	0.574389223708346	2.26157820979536
"AqFl2-12"	2.2597116720522	1.65540962284568	2.74174885344551	1.8817061263676	1.17392362946207	2.8130832713003	3.98385713695201	2.93820908945043	2.16804383276241	2.38789843634768	2.46868956417962	0	3.70646228624193	4.13986563136627	2.57957670687132	3.4409944354266	2.39591164414167	1.28700812645976	2.34987224907725	1.71026940735521	3.33343354790528	4.11586009715362	2.33820965576245	2.3694365803772	3.33087037186406	2.13250852959624	2.76010408902441	1.19327019412578	0.951146856578134	2.7063302025984	2.41193273986629	1.52886703181452	3.45731377798497	4.11516593212236	2.26486955584932	2.10136843443529	3.88759772335829	3.37393876691048	2.91193014725148	1.05047140516228	1.36281510197406	0.818253778476146	2.53928629454318	1.70711976626566	3.11858638168175	3.24545917511428	2.27998718897532	1.55071410472963	2.33776845240598	1.36682863419052	1.31819818796987	0.344041507250243	2.52293440300414	2.12331436376694	2.64580225425711	2.72742012463569	2.85216149296747	2.28551222754094	0.183979299148641	1.82638703075643	2.6950415375731	2.66201327971144	0.202490412289569	1.8428449811184	3.46370826726251	3.34139511712623	3.62929125413363	3.80502780633184	2.24326658572311	2.8144616471319	2.93684458727775	1.71724952416175
"AqFl2-13"	3.61068191174298	2.33877517330296	1.1948980497479	2.82727680933635	3.01308285071807	1.67162913092269	3.41412202287466	1.10290491351733	1.88052119475396	3.17442547835828	1.5406331960658	3.70646228624193	0	1.70216958778688	1.44869990761054	0.834304666377764	1.72543541467944	2.76666855141658	3.62716124285238	2.38016613630533	0.768843652545732	2.03261247872342	1.63029199015725	2.58554005321606	3.34279330776955	2.27455724277166	1.16626719400354	3.30169864698675	3.10148607331684	1.33836810793716	3.68854590414457	2.55658673311102	2.42382768977736	0.514865956027652	2.74956259645391	1.63898752082386	2.20382109304133	0.527248075026228	1.2729233232707	3.01135217087913	2.44360224260303	3.36157958608656	3.24277458739362	2.36650757338497	0.907820950584735	2.88032596172689	1.54351792436491	2.28228982429255	3.25905960818122	2.34034335237389	2.53804365380396	3.38269161133456	1.62030895512515	2.53864147826761	1.31314175710574	3.37489741150677	2.92917998748382	2.46405403704133	3.71003887755948	2.02967189504615	1.06210489136376	2.09484972080684	3.58774945396321	2.0414785119999	1.03093852818301	0.413890973920385	2.28235384451937	0.54549033228108	2.01557336996216	3.3460561291518	1.00768523189673	2.95447424280687
"AqFl2-14"	3.02683465909523	2.79818947437489	2.53998349807414	3.49597384954855	3.72249822077669	3.09300257621735	2.71345588220483	2.23144653191642	2.31755952016358	2.5507177843795	2.64102610562271	4.13986563136627	1.70216958778688	0	2.3384408021451	2.44869224361841	2.93502578711024	3.33914327881732	2.99893225402418	2.60231029934121	1.58305643009544	0.526371489661202	2.84318810328773	3.25864566312342	2.57679410082583	2.65951887668822	2.43011846460969	3.81438168801319	3.64489152304894	2.71819012337078	3.02703896832834	2.83796816874913	1.22867659213168	1.42041465068043	3.47667675574764	2.54835201279813	1.12249600171101	1.51531114439781	2.70422072637871	3.42169762944003	3.16823299401433	3.55689234012336	2.52914330651702	2.58131853073607	1.79673636503212	1.97707715155813	2.46577845940787	3.07996465451199	2.6561727890334	2.95195789571657	3.28941361650517	3.83944567631219	2.9585200516213	3.00642709238883	1.89104950225616	2.67637081092647	2.16749152274806	2.42287185359807	4.15632658925178	2.86502036769738	1.93907399196857	1.70596693994132	3.99073130611532	2.81237790498968	1.93901668784551	1.68375454383154	0.957270467206095	1.39751708093711	2.44028661804033	2.61973249010798	2.35937322151844	3.66146250860122
"AqFl2-15"	2.93349401907762	1.7710578863712	1.04338105967343	1.38270828862187	1.68974295988563	1.60031139973569	3.79467664909611	1.46748079249232	1.60350199178446	2.64120188429246	1.38723465602787	2.57957670687132	1.44869990761054	2.3384408021451	0	1.50413257956575	1.40979106918642	1.42381089221248	2.9701311982955	1.80110294868317	1.58072957128031	2.62010889812857	1.08180592886634	1.17000215334692	3.38565581295908	2.05597241740234	1.20304354101564	2.6034215743133	1.79229043439612	1.05458659930294	2.97064515088809	1.92555889026438	2.49000354775083	1.87465731909947	1.32559045954861	0.975328694079548	2.16937825484457	1.40041507355755	1.35835215334356	1.71368736071591	1.59858289354403	2.18642309882617	2.73669292019694	1.77089430495453	1.49785869311119	2.90894393791552	1.19721490453223	1.08944358978673	2.50045357898207	1.3523356094921	1.69536863495122	2.23713351765117	1.14756043698321	1.12086292352399	1.36776913551612	3.06344067128446	2.7385111304798	2.26295702157062	2.53125048398604	1.4130923657994	1.03869696688141	1.4641433975569	2.51019222141764	1.48805731560014	1.91425439620296	1.05895013716477	2.41362062827981	1.79174850237348	1.85022692031113	3.08333920261722	1.2312368162127	1.52654372659137
"AqFl2-16"	3.80375662174619	2.1284100805845	0.708298300126717	2.72209000780406	2.75492381518931	0.926060451587579	3.610438172432	0.776442971625586	1.76952749405925	3.40985869086107	1.06907053136692	3.4409944354266	0.834304666377764	2.44869224361841	1.50413257956575	0	1.14469655721462	2.61753701723348	3.83894870001637	2.30141844679163	1.0324660040859	2.69306293303968	1.13886264728833	2.58271429226199	3.56438073920529	2.0813195671494	0.708155615168019	2.93833314580617	2.90779705693738	0.796539391206394	3.93137632924061	2.41494295695153	2.94922971317517	1.27881676651381	2.68081154470071	1.37074771840662	2.91252664730647	0.965435347199927	0.589802452229225	2.89809217464092	2.10599830550266	3.27805389698415	3.51266184511421	2.29791218964067	0.962987771228709	3.21457530243188	1.24189796265423	2.03116982172835	3.53788491920648	2.12270767249731	2.16843272077397	3.14069191523095	1.04814683948086	2.59960284342603	1.33261736356058	3.5868163833819	3.21133237327945	2.46623531664591	3.45456812139932	1.66976038675683	1.05746603760253	2.50480584374797	3.33396054810876	1.70819020513386	1.0047339976686	0.908502928965708	2.88158588981244	1.13583670966055	1.85873610009072	3.56907629926316	0.535677738802227	2.79028616989822
"AqFl2-17"	3.20795984960104	1.2568111714172	0.579370928098463	2.13990642336998	1.87906380486695	0.470528192540312	3.44355231434483	0.839814777174759	1.17171645517696	2.91298729455358	0.344696308051961	2.39591164414167	1.72543541467944	2.93502578711024	1.40979106918642	1.14469655721462	0	1.83321232928377	3.26545036092797	1.55463992541669	1.48625657192514	3.05454861252896	0.356984232244764	2.2282487508437	3.23496405513472	1.3729506172044	0.568371767360676	1.86212716193776	2.02514433042169	0.556154591142423	3.38189526817967	1.57232845650155	2.96422659598392	2.19530982188631	2.2470430231258	0.652464922158424	3.19962032367689	1.53118397054628	0.562600227109348	2.07658936215149	1.06330450945356	2.40607989997319	3.05303133925582	1.55985464425993	1.24263882071586	2.99953025449466	0.572420412277047	1.20383011531584	3.06064054520837	1.2178190702987	1.09264673326498	2.13060313537835	0.459980370711125	2.180033399315	1.15234029168439	3.10852369653612	2.86676818089839	1.90887109774192	2.42787045077038	0.674105144170894	1.00399127302089	2.35320340022406	2.29310941008745	0.751890894502226	1.45497442417003	1.52799230629764	3.00663748412126	1.89943215339177	1.24317365429764	3.1186076949291	0.726801486668314	2.12195152478004
"AqFl2-18"	2.39917449996904	1.53689806829552	1.93150842259399	0.694907081689733	0.434534925036032	2.20293283155646	4.02829819596946	2.30096732669928	1.81302447475137	2.34466235701086	1.91161834113364	1.28700812645976	2.76666855141658	3.33914327881732	1.42381089221248	2.61753701723348	1.83321232928377	0	2.46633082844952	1.56524326835057	2.60965533514218	3.46230989135332	1.59885649674316	1.1110799101805	3.4106217616707	2.063603399303	2.03719674784322	1.85129718128797	0.379047071540846	1.88322029419924	2.45391793734936	1.53574061758805	2.95451803832875	3.19122423797071	1.05220902743039	1.37968772181285	2.97352016174816	2.54889027132227	2.18913659481051	0.37968247278963	1.12530039424342	0.974809111161629	2.4743564176331	1.53689989876564	2.43699276075964	3.08537248710526	1.67443607379426	0.631574348512756	2.11398968161805	0.849716554153	1.16715099336499	0.965717458819026	1.75164629857285	0.880491070777731	2.04106106840044	2.83999205879251	2.74420978611902	2.24553502231808	1.18839256521436	1.41016171003595	1.92648788764305	1.84432403240681	1.28398355617927	1.48573118254033	2.85426154075824	2.37035766740009	3.01300910483212	2.98739207444246	2.01666658102544	2.90635458785818	2.17673146486144	0.630202347432491
"AqFl2-19"	0.0927198751493166	2.10783323623452	3.33606341194085	2.97827413082871	2.78995514260538	3.71773775978788	2.63376607218701	3.18412590016251	2.2228635597252	0.49431676634777	3.07333046822497	2.34987224907725	3.62716124285238	2.99893225402418	2.9701311982955	3.83894870001637	3.26545036092797	2.46633082844952	0	1.74888660374898	3.1091599357238	2.7710676961286	3.20286049610841	3.16231967157737	1.73161701580532	2.24732717186575	3.23761288487421	2.44444509103299	2.46003087295574	3.43818379738839	0.28756595989534	1.80593300643154	1.85063193989206	3.77677015451549	3.2481791317677	2.7072976581179	2.69577786090449	3.17388811564788	3.56400870656485	2.18815817381912	2.48684294114462	1.7607951531192	0.489135042289262	1.73163559246169	3.034828631914	1.55543917279661	2.76315863589451	2.65289587298925	0.67541626853768	2.27011883507502	2.56248704731271	2.25313075958144	3.44993179692173	2.69108714993503	2.55343992038996	0.888354871781637	1.13916655580307	1.75398744725459	2.40273902846664	2.64152267701256	2.78266305515909	1.8211799520723	2.20940473249005	2.55866127859413	3.36257468529548	3.30115923966922	2.1113653375975	3.46952281553066	2.29640801365347	0.988063572565268	3.35242547356534	3.01290829701754
"AqFl2-20"	1.6882904931175	0.381985715901664	1.74609150480523	2.17367038128893	1.80982696086277	2.01215453394555	2.49700380284107	1.60660839523105	0.591105588396824	1.4244441869761	1.37397241393578	1.71026940735521	2.38016613630533	2.60231029934121	1.80110294868317	2.30141844679163	1.55463992541669	1.56524326835057	1.74888660374898	0	1.81564756442741	2.51532478113941	1.56922656163742	2.37856317839215	1.96949978837658	0.661183353886064	1.62435861377859	1.23971699158129	1.65023861798106	1.83858098216993	1.90688671382656	0.236685614860842	1.9889262565018	2.68410747395548	2.43409042152566	1.10875851339761	2.68141744150696	1.92395294203831	1.91829357534245	1.50936347218363	0.918615657148576	1.44458567642769	1.58116653351201	0.0449350068818842	1.63214053845246	1.77696796388603	1.1022260404582	1.32856325949383	1.70162777609728	0.84045843579571	1.01045052675468	1.47836894954525	1.82266826415701	2.03356919175101	1.11352721286501	1.62372604056438	1.501644618994	0.687495129695972	1.79129284432233	0.934923787131089	1.33955744565039	1.57544665441287	1.52710921867642	0.829589967517312	1.95737820684244	2.06936237339518	2.17287206876204	2.30395650971868	0.684307285764232	1.65744049079812	1.77325785016869	2.16805669679739
"AqFl2-21"	3.09048741137258	1.79334736519199	1.14670191181882	2.85676023255916	2.86910226013358	1.57832031877051	2.69121579518934	0.681351423876184	1.27464792956722	2.63694009640944	1.18735376353981	3.33343354790528	0.768843652545732	1.58305643009544	1.58072957128031	1.0324660040859	1.48625657192514	2.60965533514218	3.1091599357238	1.81564756442741	0	1.71933517409668	1.49934089651324	2.73635940846803	2.64060963456518	1.61157490747673	0.961463686672237	2.77034814524613	2.89456240398692	1.3443703427204	3.21750702167921	1.99775440871585	1.98507702456087	0.95840175985207	2.88231484169105	1.3545484145653	2.21947791110073	0.29036702991845	1.21043598438002	2.78464063810253	2.06252773551065	3.01845010451916	2.71520389122583	1.81041136304501	0.261983036541405	2.24969431292393	1.1534065068384	2.11096632906492	2.8558047650213	2.00069984598415	2.15960248150803	3.03494222399386	1.5887196937114	2.57765605933746	0.709147999413944	2.74109621502633	2.31430605544448	1.76646842529733	3.37051187283715	1.63396105795634	0.692202758542922	1.87868808388335	3.18579809537589	1.5960301691833	0.466076010259691	0.757412132498537	1.9397937080683	0.519948619706248	1.35810317917548	2.705281647747	0.877963069295589	2.95068460819326
"AqFl2-22"	2.80544270895928	2.74201691576902	2.73981215058358	3.70980660945229	3.84685305672268	3.25411461721963	2.24190157718846	2.34237431625911	2.27220286732466	2.31893631153807	2.73483478867359	4.11586009715362	2.03261247872342	0.526371489661202	2.62010889812857	2.69306293303968	3.05454861252896	3.46230989135332	2.7710676961286	2.51532478113941	1.71933517409668	0	3.00733532738098	3.53497889809202	2.1387180578539	2.53954694880554	2.58955012226763	3.7156064433888	3.73237379797447	2.92852519965053	2.83004401227075	2.74680782352885	0.935820640012623	1.77735285586087	3.74054333357807	2.66557383000017	1.39856124003463	1.73647322079799	2.88834219026476	3.497918910979	3.19712905962751	3.54732779519977	2.28505873037709	2.4994295536659	1.90555089219829	1.57031668800052	2.55167448304486	3.2132343077493	2.53337357086165	3.00339718060892	3.31543357666321	3.84005095791007	3.15177805435099	3.23375969943301	1.93248301994633	2.33638606678565	1.83454225817423	2.21329749684025	4.15200116964348	2.91243758933271	2.08137701031667	1.80687508247786	3.95184022122863	2.83676056121818	2.01226699061955	2.00210470232111	0.75849162196231	1.63769011904377	2.35314478723454	2.26559001228669	2.54205943804146	3.85632343257303
"AqFl2-23"	3.14719668206427	1.31968131648613	0.454337659249999	1.83338268978185	1.67126339171816	0.634272834599806	3.5927694374387	0.943721574983227	1.23778780867471	2.86059664068115	0.535041852089951	2.33820965576245	1.63029199015725	2.84318810328773	1.08180592886634	1.13886264728833	0.356984232244764	1.59885649674316	3.20286049610841	1.56922656163742	1.49934089651324	3.00733532738098	0	1.88557620625221	3.3199422026079	1.52964919332797	0.582050928190101	1.98271615475006	1.83554519354839	0.377992656848876	3.29079532188239	1.60673003470156	2.89794384698572	2.1234259257882	1.91345040868511	0.503373691506328	3.00188760914617	1.48044188236149	0.610154467943219	1.87849877976226	1.05148872730374	2.27274119237613	2.99528539171057	1.56434611665937	1.28023856050091	3.02311936359772	0.589280351626038	0.971796488380336	2.9310698499922	1.10358411003816	1.09989331252732	2.04522202991972	0.253703489218126	1.85954475209665	1.16708156043301	3.12565663649899	2.86842853755154	2.00083914348302	2.34479416429579	0.716800169643712	0.928384914340657	2.156090619847	2.24995370355349	0.825471043969223	1.5701833779152	1.37608548306803	2.91464168293997	1.87783919705152	1.37569520611666	3.14136078152013	0.724926683480758	1.83647519694235
"AqFl2-24"	3.11780022491058	2.37272816479954	2.05257683581299	0.525982323825802	1.28823876688309	2.44202618905911	4.65635987311228	2.56008195297368	2.43898051731868	2.99677579352703	2.31866826634343	2.3694365803772	2.58554005321606	3.25864566312342	1.17000215334692	2.58271429226199	2.2282487508437	1.1110799101805	3.16231967157737	2.37856317839215	2.73635940846803	3.53497889809202	1.88557620625221	0	4.08263794430494	2.82223742679047	2.24747354070066	2.90123268445757	1.41857818041243	1.98267176756748	3.08402250599903	2.43118006107883	3.20573499195893	2.98692929610757	0.248151770329691	1.81054266707121	2.72296573789278	2.56368707600977	2.34028506085891	1.39195060212613	2.00102638869756	1.96268240851784	3.08771381698577	2.3429367826969	2.637301355656	3.61663844511953	2.11731775916347	1.29145936943743	2.62850114890371	1.70931699106721	2.06166863406836	2.06647081462105	1.92980867331922	0.475585005831396	2.40390205198914	3.55153056578128	3.33876220628759	2.98891260230339	2.24526249481086	2.08287514780796	2.13988063610406	1.94394728725793	2.3874704621417	2.18163773768853	3.06262457168182	2.2085218757177	3.14431872267664	2.94873557196392	2.68722594002949	3.60308031691187	2.31317372655802	0.751782500372728
"AqFl2-25"	1.75168258824785	2.24258126148645	3.30350246699188	3.97120046384764	3.71211270629522	3.60073501486594	0.909514782872868	2.84051734987046	2.08753921007469	1.4276728670982	2.93766156464088	3.33087037186406	3.34279330776955	2.57679410082583	3.38565581295908	3.56438073920529	3.23496405513472	3.4106217616707	1.73161701580532	1.96949978837658	2.64060963456518	2.1387180578539	3.3199422026079	4.08263794430494	0	1.9496886447283	3.09091848810908	2.7345215819106	3.47864583304472	3.46609240716377	1.96970896697354	2.07602241047436	1.582896582038	3.34951113860265	4.19759923249398	2.87623488687911	2.94271457610789	2.82827535630914	3.41462270162653	3.26243476211728	2.86624885094318	2.97057605753282	1.42558015521635	1.98018630624195	2.6144354190097	0.673916730527387	2.73719685593329	3.26374927875706	2.08645175923079	2.80103966416295	2.94222521741918	3.20789149451675	3.55181106552294	3.66671336639843	2.30065725203971	0.845965828998842	0.836363326175476	1.37083490397837	3.44308621932389	2.78398334085096	2.67182463735833	2.42121550778959	3.13544951326476	2.6507697104296	2.72240681994387	3.18131117490183	1.91019599481205	2.95921248222043	2.0019250934813	0.743810940693442	3.16367262379934	4.01009189064076
"AqFl2-26"	2.193673593225	0.540853812656127	1.6425490573981	2.64274599624047	2.23762802800255	1.77306745538188	2.24161494410671	1.32129318235616	0.479871849886677	1.88315111372704	1.14312005713885	2.13250852959624	2.27455724277166	2.65951887668822	2.05597241740234	2.0813195671494	1.3729506172044	2.063603399303	2.24732717186575	0.661183353886064	1.61157490747673	2.53954694880554	1.52964919332797	2.82223742679047	1.9496886447283	0	1.44615179159311	1.28512415662735	2.15065064703965	1.75559369232039	2.44525538839241	0.690553099289556	2.19715741290219	2.56150709532002	2.87350352945298	1.18539573305274	2.99202126669022	1.80076308951125	1.7093012314718	2.07091603194577	1.11496819626237	2.04430295569619	2.02797421186307	0.698177584704769	1.40241460705087	1.8765717820798	1.00752921989886	1.66806712092661	2.28238801825153	1.22841170076989	1.17373527048019	1.93655569447866	1.75877932317539	2.54008544144256	0.989537672616981	1.88230173803975	1.73132946954601	0.620063569362894	2.2387500936644	0.933068392254577	1.29416438401282	2.03719950467869	1.9472958255775	0.791407520287271	1.59718434076792	2.05485507461222	2.38233980102977	2.12631571830368	0.262819770298635	1.88492377809551	1.58607613360166	2.62529722748837
"AqFl2-27"	3.19373851024567	1.42903901667453	0.271132341788131	2.27726171254422	2.18274087106311	0.676878536168483	3.25463742183117	0.393444018064726	1.12481998797639	2.83353950650123	0.401160317265311	2.76010408902441	1.16626719400354	2.43011846460969	1.20304354101564	0.708155615168019	0.568371767360676	2.03719674784322	3.23761288487421	1.62435861377859	0.961463686672237	2.58955012226763	0.582050928190101	2.24747354070066	3.09091848810908	1.44615179159311	0	2.25032644760222	2.29679143344	0.449214296882527	3.34246621029019	1.72069099026144	2.62306992644333	1.62802819164752	2.32569844611412	0.697842850573793	2.77697061655672	0.975618987546286	0.350003448072113	2.28194988947116	1.41372957409876	2.61575941741019	2.95323858625208	1.62234193475229	0.746505029095702	2.77655700520262	0.537830337384358	1.43447855665188	2.97945633831315	1.44329491406685	1.48272795181511	2.46548695529114	0.648057180219266	2.1801173978887	0.824593936145478	3.02610652328797	2.70371933943564	1.87060182223808	2.78491035559073	0.968367450289595	0.578492107224413	2.09637357614172	2.64333866285942	1.00233780855732	0.998992083728702	0.992097316104177	2.62099175507258	1.33933493273159	1.23430406891246	3.02135285086722	0.184209423571036	2.31799960330217
"AqFl2-28"	2.35929766846649	1.03451944171926	2.33322616612079	2.51571108344319	1.81349087499466	2.27284780089612	3.18166937380512	2.31340886727994	1.54661654038063	2.3160611965995	1.87010988110134	1.19327019412578	3.30169864698675	3.81438168801319	2.6034215743133	2.93833314580617	1.86212716193776	1.85129718128797	2.44444509103299	1.23971699158129	2.77034814524613	3.7156064433888	1.98271615475006	2.90123268445757	2.7345215819106	1.28512415662735	2.25032644760222	0	1.70359829379461	2.34076717947412	2.62341548403128	1.00674458211064	3.18844371990308	3.68054579396346	2.84866641332979	1.76100241468541	3.89652407152544	2.90296604953629	2.40208443032283	1.7553984896798	1.02427865833753	1.59136763100653	2.48425461728668	1.26833914899148	2.53103674204059	2.79002312946567	1.77106988854152	1.67943831016141	2.57983879460121	1.28397523261079	0.958326777148364	1.18321047254283	2.18536939227058	2.65315361713811	2.09973857931204	2.40566109046992	2.49628102281912	1.59274802781378	1.35188224743772	1.3224921826632	2.26041035955899	2.73275531608575	1.03649965677483	1.27343756464704	2.76007851153575	3.01891798636398	3.39874498443695	3.28678873462006	1.48365856833111	2.45987823802761	2.43121382962839	2.38975275829477
"AqFl2-29"	2.38490688710602	1.60999028862261	2.20701236941593	0.935937267661511	0.365201718788895	2.40791022090221	4.12170371732663	2.54929136188326	1.97643641028753	2.39864077600605	2.11910177295546	0.951146856578134	3.10148607331684	3.64489152304894	1.79229043439612	2.90779705693738	2.02514433042169	0.379047071540846	2.46003087295574	1.65023861798106	2.89456240398692	3.73237379797447	1.83554519354839	1.41857818041243	3.47864583304472	2.15065064703965	2.29679143344	1.70359829379461	0	2.15289408533087	2.45578902725103	1.57080296907846	3.1691048211756	3.52811557360439	1.31871551243692	1.62497821516252	3.28211524264799	2.85840817579426	2.43985915719147	0.314946126490586	1.17837406272381	0.785731684009526	2.5351516486211	1.62765765166191	2.70704878823164	3.21253957691841	1.89723976218433	0.877746249136262	2.18396907045864	0.982380999176964	1.18846711124058	0.663732549277249	1.9923624570642	1.20585664811824	2.2849359301904	2.87503471319695	2.84539798113411	2.33155871691623	0.831652821704304	1.55435536506052	2.21087900178593	2.11625040931789	0.984994869393209	1.62035287445011	3.1092182290163	2.71067480821473	3.25831251435796	3.29941616793089	2.14901103820054	2.9505385569569	2.44962679413828	0.795070843486392
"AqFl2-30"	3.38933460937046	1.61945329275827	0.200044931783512	2.02330290312649	1.97668821250056	0.55503665053507	3.68046170226408	0.837928382839377	1.43111149500844	3.06793564269474	0.652451257715994	2.7063302025984	1.33836810793716	2.71819012337078	1.05458659930294	0.796539391206394	0.556154591142423	1.88322029419924	3.43818379738839	1.83858098216993	1.3443703427204	2.92852519965053	0.377992656848876	1.98267176756748	3.46609240716377	1.75559369232039	0.449214296882527	2.34076717947412	2.15289408533087	0	3.51923052062462	1.90722454246608	2.93362737923629	1.84462509201353	2.03708351457412	0.753784464384009	2.93680585397116	1.28653127882796	0.362244424998795	2.18096255930549	1.4200589040555	2.59685425306572	3.19165903369843	1.83200336519973	1.16081757318931	3.13406110641056	0.769206940202421	1.27786730746945	3.13314634665089	1.44019584445217	1.4739892059512	2.40616046291666	0.282654557583697	1.99978972259003	1.20250940789474	3.32509619681042	3.0220802173844	2.20111241040351	2.70707110988281	1.05185311946639	0.891348388252474	2.23140406822514	2.61870083851878	1.13927686897201	1.41489478527562	1.13574684601899	2.91296297395236	1.64671350595267	1.56766821946602	3.33138727102359	0.500395854127263	2.05730149522823
"AqFl2-31"	0.331058450276665	2.26652802211775	3.4226556618347	2.91757494841646	2.79079998769715	3.83114638223614	2.87038128828562	3.30960743359476	2.37712685884818	0.665415987213162	3.19945074109725	2.41193273986629	3.68854590414457	3.02703896832834	2.97064515088809	3.93137632924061	3.38189526817967	2.45391793734936	0.28756595989534	1.90688671382656	3.21750702167921	2.83004401227075	3.29079532188239	3.08402250599903	1.96970896697354	2.44525538839241	3.34246621029019	2.62341548403128	2.45578902725103	3.51923052062462	0	1.97144979740949	1.90153922186445	3.83639321612311	3.17503290797438	2.79723838200292	2.61726918743353	3.25815096832281	3.66758123730866	2.170595309983	2.59948412024595	1.76147673062898	0.626251452298567	1.88442094435734	3.15237106002959	1.73101788267765	2.87848196366003	2.69255997648765	0.528154503472038	2.35064224356734	2.67829630448285	2.30705099483188	3.53251865603627	2.60942386707128	2.67624546342113	1.13883299505296	1.32741303781978	1.97138913964754	2.44431145138353	2.76426104794652	2.87520768561455	1.77520431889967	2.28839038456056	2.69212126224418	3.50043384814054	3.35064405855323	2.13121943648414	3.55670935601055	2.47579820923316	1.23069462955667	3.45314860648927	2.96443585696059
"AqFl2-32"	1.73698858553587	0.325045888295228	1.83349278309492	2.1791947241094	1.73406086877538	2.03668059990432	2.60366688823211	1.72549182636224	0.736281250867565	1.53148460814795	1.43056582564642	1.52886703181452	2.55658673311102	2.83796816874913	1.92555889026438	2.41494295695153	1.57232845650155	1.53574061758805	1.80593300643154	0.236685614860842	1.99775440871585	2.74680782352885	1.60673003470156	2.43118006107883	2.07602241047436	0.690553099289556	1.72069099026144	1.00674458211064	1.57080296907846	1.90722454246608	1.97144979740949	0	2.20819290367766	2.87980125979741	2.46336097297216	1.18214714243955	2.90534800435026	2.11113603124557	1.9892848374908	1.46011934040363	0.816340742881247	1.35973339018294	1.69526869317263	0.263613186657796	1.79857636960931	1.94397312824746	1.18698882057123	1.31709525221639	1.80612971575297	0.806466487890628	0.886952491490831	1.32088761785098	1.85778872615468	2.09794676769953	1.29153727284681	1.71329194887071	1.65321341861846	0.80252926482679	1.62438081209822	0.922616966332	1.50169807956653	1.77534303699163	1.34058730562058	0.822048934159821	2.10745090602207	2.24692038828449	2.40097047871325	2.49606379880485	0.781986428395751	1.75511192953741	1.88141153445769	2.14764702369158
