""	"AqFl2-01"	"AqFl2-02"	"AqFl2-03"	"AqFl2-04"	"AqFl2-05"	"AqFl2-06"	"AqFl2-07"	"AqFl2-08"	"AqFl2-09"	"AqFl2-10"	"AqFl2-11"	"AqFl2-12"	"AqFl2-13"	"AqFl2-14"	"AqFl2-15"	"AqFl2-16"	"AqFl2-17"	"AqFl2-18"	"AqFl2-19"	"AqFl2-20"	"AqFl2-21"	"AqFl2-22"	"AqFl2-23"	"AqFl2-24"	"AqFl2-25"	"AqFl2-26"	"AqFl2-27"	"AqFl2-28"	"AqFl2-29"	"AqFl2-30"	"AqFl2-31"	"AqFl2-32"	"AqFl2-33"	"AqFl2-34"	"AqFl2-35"	"AqFl2-36"	"AqFl2-37"	"AqFl2-38"	"AqFl2-39"	"AqFl2-40"	"AqFl2-41"	"AqFl2-42"	"AqFl2-43"	"AqFl2-44"	"AqFl2-45"	"AqFl2-46"	"AqFl2-47"	"AqFl2-48"	"AqFl2-49"	"AqFl2-50"	"AqFl2-51"	"AqFl2-52"	"AqFl2-53"	"AqFl2-54"	"AqFl2-55"	"AqFl2-56"	"AqFl2-57"	"AqFl2-58"	"AqFl2-59"	"AqFl2-60"	"AqFl2-61"	"AqFl2-62"	"AqFl2-63"	"AqFl2-64"	"AqFl2-65"	"AqFl2-66"	"AqFl2-67"	"AqFl2-68"	"AqFl2-69"	"AqFl2-70"	"AqFl2-71"	"AqFl2-72"
"AqFl2-01"	0	20.9463711583204	40.9049928393153	30.1462858317678	24.4470512654752	40.6623887066486	30.8092276584971	41.3006797470931	26.013897761668	7.7823494918019	36.7726389377041	16.9045771084666	35.1377576869266	19.8405174693705	27.3776241580825	45.4259364217334	35.5532024920798	19.4812294307582	6.70466917776668	19.0989833745021	29.1273069658204	21.6011732816542	37.3565326904022	26.5254612458089	22.6155717711202	24.9826117761801	35.5360350206707	27.6531904452152	30.1305491482508	36.5013034388777	6.43202865306999	15.9148854129416	21.5382604376339	37.2206102089696	23.7484259784204	27.3723139360668	21.5294715305647	41.1095437452223	41.3651586820683	25.6892043642408	18.6946623215978	15.2135150405767	9.42884429342039	25.3386225789111	42.1486563655063	20.0880842723391	23.9153480731267	21.7816882794068	12.0089506163607	24.9259302016376	21.9352611771373	18.2805804709412	41.4123891097876	29.6398704961077	27.3053678928802	11.7007273683271	10.7675516233846	21.2531339805853	17.6589294776639	26.4957467098982	32.1040214497641	12.8435431803204	16.7863817322067	24.699036445723	34.5565673704346	28.6809707362259	16.1685667639757	35.8376103050322	17.1080404011116	10.9028645147495	36.302605653662	22.4354317155406
"AqFl2-02"	20.9463711583204	0	30.0141038147321	32.033797875178	19.6038741608351	27.3244541996427	25.6387477532442	28.0359147638172	13.757019756086	22.968793008339	21.888699323259	20.5001835476915	21.7709172561468	16.6596135274989	21.2364307057659	30.3187228412134	20.0098207406622	22.3600313970483	20.862564319007	12.441265363953	18.149164704158	19.3476255606344	23.3148706286707	23.986536648765	20.4122450740066	11.0841770021878	22.2193185286017	19.7094134220534	28.2201214424351	27.1471247343176	21.2044506585212	11.3940315382244	19.7535332833913	27.4362922049206	24.7914954119903	15.9928867576785	23.1548062810049	29.73612188334	27.0141084409931	25.201015290376	13.3526497039149	24.8219493526074	18.7248677966118	14.0970903482361	29.2118380599946	17.3843128689002	15.6334806784067	18.5449472902514	23.1707011424486	15.837853570328	11.2568245706709	21.4953189088277	28.8233905639405	26.909551948018	18.8320216721188	20.3428555329386	21.3178205589735	11.9817968714105	20.9353292857107	17.7412174234455	19.1715838006521	18.7387292577757	19.5153452884845	11.6992891374169	22.833511328653	18.3066782171941	17.7688079299691	26.1426547452792	11.6692029031518	21.3479051829855	24.6208063868064	23.8513395005191
"AqFl2-03"	40.9049928393153	30.0141038147321	0	29.4790828038071	27.1659522882418	10.7263077730069	37.9862774605285	8.52217704448251	18.9940639025523	43.671573331262	13.8546729770167	38.2860349777632	17.8314598520746	36.113157084891	25.2573865841884	16.1585183603928	21.2893596144044	37.0400073420119	40.0368380279235	27.5094603225508	35.9088519681738	38.5640192639004	12.6555687608385	32.8054486559956	36.8138920222123	26.7845648932709	12.8272961985055	35.4206200607817	24.4329751815353	8.5313618563003	41.0164374165483	32.396710248107	22.8021799246815	12.686946132944	35.0055032970037	18.1811833853997	27.8634705906902	11.5847897670509	10.7571020224844	27.4994062045944	30.2852754258498	42.0150338408315	39.3560971563377	22.2114254218964	8.43253241274173	28.1485255991456	25.3982466510357	35.6563164081479	34.9325862940343	17.9511947191221	30.4754604000768	39.4483903242409	6.28323618538905	24.899234224676	19.6544318722856	40.0478426408301	40.4681988540298	26.5426147602724	34.7710134915129	17.0242124320943	21.9146983371832	40.5870487797534	37.027647134993	24.7772364863238	35.9062210579693	31.7219861560847	34.1601107817239	15.3605771704231	29.6084269022501	38.937958195263	8.87939857417879	34.9618684049983
"AqFl2-04"	30.1462858317678	32.033797875178	29.4790828038071	0	19.8361767197278	31.9662298678595	47.9925982666697	34.4754600286291	26.6819217454158	33.7152909558041	33.8084248824475	25.0735322530818	33.8852254215334	37.9275831595525	20.6514246369337	40.0834208799011	37.7793789414656	24.7056758832433	30.8297840546362	27.5266425030535	43.9270959454365	41.2522705818169	30.4760630878806	19.6638468014698	42.1220742822318	34.5768405162401	32.6163234348628	40.3843062626303	11.0891685685522	22.6560653717699	31.1257439386424	28.4198519774364	24.5378556189208	29.555214597091	18.950060675326	24.3251103771213	22.2413831108348	33.3451584001514	35.4124978646139	10.3910765597738	27.2178822107562	25.4491416893703	33.5875943026079	27.9966554343819	35.0142927173752	32.9132855230795	27.7461698198868	31.220939761451	23.1466367610626	22.7756466697843	30.7964820480375	26.0967254419904	31.6033476997338	11.9002946506101	22.7491268441772	35.2424743209797	34.6671275399109	29.8576034024156	22.0645578476418	23.1349178170521	35.4567317893752	33.7877146991871	24.7786090263852	29.664895278791	46.3202857628526	38.2304242445706	33.3923623797928	30.8447490501423	29.3192348086189	33.3366655618663	29.2429101188972	19.0163935919894
"AqFl2-05"	24.4470512654752	19.6038741608351	27.1659522882418	19.8361767197278	0	25.6732093694375	36.7914190533967	29.3782454941237	17.5447140645338	27.3827323971279	23.6732737791331	16.7183548518364	26.7255110209081	27.9003354226675	17.9514580889739	33.3286443200568	27.1885089755619	20.6445245610556	23.9273009569875	16.9043648653505	31.6101974260924	31.2632313938905	23.030731908023	17.2504169327346	31.0902013733567	20.6597380505366	23.5399819828365	27.9357792849986	17.405590815101	21.3516811044081	24.3997803956939	16.1798440840471	19.1249230212557	25.4725047024533	18.723483978321	15.4709166320539	23.2201575739504	30.841894812736	27.5277915974572	13.2419594049745	14.5506375917307	20.5116244461898	24.9935306636279	17.6070299421852	29.644386736916	23.7788165838361	19.9127484791449	22.6689258805421	22.5968406929346	15.5910092681462	16.8557981163161	18.946206478179	26.6759099737402	15.8536592644617	14.3218158452702	25.9708277226522	26.8434891536388	17.6308402150014	17.3786688575485	16.4492272685386	27.1768017028245	25.9555267800784	15.3128271155646	15.475348628354	34.4341288837144	28.0171301540593	26.5949251568533	28.4004871476267	17.6464807260165	25.5870498819338	24.7410461132932	18.0680779980795
"AqFl2-06"	40.6623887066486	27.3244541996427	10.7263077730069	31.9662298678595	25.6732093694375	0	38.0598336066637	10.9993591078345	17.489818144673	43.6268459850204	9.99458522534951	37.3852022162227	17.0168834114599	35.7545498798849	25.508920770412	14.8381522756369	18.876157678546	37.8405690893584	39.5190570949069	25.1800180819022	34.4288504589472	38.4446562160292	8.57363320931479	31.4764315006873	36.5647768212699	23.9193115607538	12.4124425905967	35.3011527003455	26.9441985810541	11.2520836056304	40.4195553256697	29.8424171518914	23.3366959674824	11.2589557894302	34.9274027299882	16.8097399184098	29.8323974467506	15.7992313915278	7.62022515856159	28.0231271483234	28.7740872190905	41.4791918922361	38.6294465393996	19.0468896551612	9.86612491311961	28.0898373827267	26.3398777279766	35.9055236228154	36.4879340958768	19.2344059770744	26.875299962959	38.6855014907759	6.94028369910977	25.2997438660621	17.1725319134565	39.5823523155367	40.4633172868686	25.3817334498859	35.7139811070174	19.1712475484223	22.667223159418	40.462861747767	35.9754882232406	21.7631353905657	35.3688988165475	31.8113498404515	34.9860674380062	18.6311999892899	27.8871585744095	39.1357387600617	13.3082398336119	34.8667768367793
"AqFl2-07"	30.8092276584971	25.6387477532442	37.9862774605285	47.9925982666697	36.7914190533967	38.0598336066637	0	34.1355621481484	28.3078549874732	29.9746450947186	30.811135543136	36.4982139839552	31.8632853288516	20.370159574485	39.1043738760398	37.8448476548602	27.3597774938593	37.1267101261988	28.9300818813678	27.8812040932797	19.7377756170674	18.2076773360912	36.2816517868417	44.5253798221356	10.1560786040148	21.1088647635251	28.5495016298315	18.6634490559305	43.8592479356262	39.5616045859722	30.2732582766165	28.6583875983599	27.9955469602746	36.5941586844101	43.9069950264573	31.699185722511	35.1628117924432	37.2180070217373	34.7562917028118	42.46042091947	27.7928984470162	39.3951124517284	25.4017571699461	29.6828905250078	35.6643799991629	18.4357789239339	27.7495153865728	30.5822332783682	33.0662862325451	28.8452258303681	27.6186483132626	38.0326850067744	37.8017679872726	44.6423552134942	33.9594134674376	23.1960189515049	24.0376910440466	22.8069002245673	34.9035301514463	28.8572179900409	25.6610270494718	28.0761170422867	35.3013595324017	26.5595513043918	21.2531784240544	24.0879167194983	22.9757173683838	34.5269383459894	24.5271726606437	23.807404614275	32.894361053247	42.5210417507122
"AqFl2-08"	41.3006797470931	28.0359147638172	8.52217704448251	34.4754600286291	29.3782454941237	10.9993591078345	34.1355621481484	0	18.2454230288203	43.817297968458	12.2322028004636	39.5996272120777	15.8246630379656	34.1098046344052	27.2526171117959	13.4835473419617	17.7784195692623	38.1961070226526	40.359036036679	27.4008585005724	32.4111675294584	36.1207389547054	13.2227634487831	35.3035630549781	34.2797205834015	24.6299585958475	11.5116872045676	33.0449983990399	28.7683724354599	14.4089307501672	41.4267377808711	32.3961605115128	24.1063510280367	14.5388186598513	37.4693810786189	19.1169952127015	29.572921860617	11.6184795460579	9.48468627594498	31.4449099827539	30.5760004211395	43.5673788574936	38.9796978439197	21.9917182329868	7.65822727276215	27.1035720802255	25.0857491465603	35.2334194843996	36.4994050608579	19.0014561487026	29.3406161740536	40.6365651177906	9.00980065747098	29.1971072098916	21.7792284247085	39.5368919603611	39.9879674078754	25.6724623122797	36.2823366137851	18.2752272597611	19.0095539425346	40.0232195318089	38.2950545989536	24.1814269025195	32.1167122285489	29.2865196977697	33.2152160260299	15.2553164421837	29.1362800832432	38.7939460866141	9.79779393896934	37.2953158059442
"AqFl2-09"	26.013897761668	13.757019756086	18.9940639025523	26.6819217454158	17.5447140645338	17.489818144673	28.3078549874732	18.2454230288203	0	28.7978604865189	14.0432701322672	24.7975539087942	13.4218611845907	21.4201268686069	16.8825712420108	21.8713712774469	15.8369195127213	24.8765246114577	25.2653716683565	11.5819793236	22.7559699451966	24.4462753517399	13.8450775555779	22.5089382250298	24.4226764444787	12.9527004416285	14.3069739046188	24.4206609423095	21.7981554938377	16.351743209386	25.9648209219114	15.9882145106321	14.0196051996781	17.0546297258101	24.3043474020743	8.82282843600982	18.5416437681854	19.0947536689556	17.773281539793	21.018192892781	16.7495783287675	28.4608242018178	23.9708565158142	8.464798174911	18.846563181001	16.543650951673	14.4643206423169	22.5044048225834	23.1230550816806	9.05199165853507	15.9043041432367	25.8917939690764	18.3313706715237	20.4619692555027	11.9693814173248	25.5623766001147	26.2236764422727	13.2329987763035	23.2107882126792	11.1056247553029	14.5401730718487	25.0379418267467	23.6821611639597	11.9771177459967	26.2229458159802	20.7587977254708	20.5880666513115	16.3571573401376	13.8867373222832	25.3622279211253	14.5710688555158	23.8928287730129
"AqFl2-10"	7.7823494918019	22.968793008339	43.671573331262	33.7152909558041	27.3827323971279	43.6268459850204	29.9746450947186	43.817297968458	28.7978604865189	0	39.0288508843574	18.2698398433858	37.3391231468022	18.987247318679	30.0161514468209	47.6513718230758	36.9348262838689	20.5890914538705	8.1853377867749	22.2244054139008	28.5819677514201	20.2583107015427	40.2105274496649	29.5512933650728	21.8526060763479	26.4497540420464	37.5677730558009	26.7016876086742	33.4241559495029	39.7233623003691	8.08685371861989	18.2469086690171	24.5736551984571	40.5049738686425	26.3669226872082	29.8314812666265	24.7324161044172	43.7660404828465	43.8592574258148	29.2065672981581	19.9808830812596	16.9865531059863	9.41403126898076	28.5446573212242	44.8592308630258	21.4908303072065	24.9564369514717	21.7242449278635	14.9037870066845	27.3650891609574	23.286676633863	19.3634579264318	44.2664714529328	33.5319250896446	30.5917420467891	10.4400462447313	9.09122081181646	22.4398683974729	19.074815755063	28.6833864555699	33.4267335374047	11.6712505968723	18.3065338604452	26.3888739206743	33.6444662083461	28.3931080709385	16.474412767404	38.4071042447805	19.1124892490955	10.5005027758331	38.5798602133286	24.9732452033326
"AqFl2-11"	36.7726389377041	21.888699323259	13.8546729770167	33.8084248824475	23.6732737791331	9.99458522534951	30.811135543136	12.2322028004636	14.0432701322672	39.0288508843574	0	33.6908295586833	14.1933958326493	29.3798509237503	24.4058814198296	14.1086426602368	12.7335073262967	34.4495614067815	35.4105080076218	21.4153537299063	26.840317675477	31.7653196677868	8.35750784746821	30.8030851951922	29.5312799529828	16.6397239126115	6.53923880797517	27.5883133624593	28.2576500915289	15.031668343594	36.2654681530208	25.2587194215636	21.196866562325	15.2233224898511	33.7374862157296	13.4463245081664	28.857932783763	17.2259803417873	6.32056651295511	28.4746103056464	23.4684537103132	38.4895081354064	33.5965276166397	15.7799979123248	11.3709869208018	22.8383072002483	21.2907370012921	30.684534307239	34.0344982173425	15.6629804797578	21.818250963976	34.9633462037037	10.410977851478	27.2140863597042	16.2733509334948	34.1678994399463	35.440821692046	19.3081652449687	32.1423344243313	15.4559031037152	16.9918952186802	35.1782569003596	32.1102548627807	15.3594754723805	27.3868253235299	24.9142103299698	29.9425814725202	18.721349635521	22.8289030242425	34.186766134027	11.7825759838999	33.3386748606357
"AqFl2-12"	16.9045771084666	20.5001835476915	38.2860349777632	25.0735322530818	16.7183548518364	37.3852022162227	36.4982139839552	39.5996272120777	24.7975539087942	18.2698398433858	33.6908295586833	0	34.4648735788208	24.2547086371445	22.3178713270534	43.1277855530385	33.3095431635296	13.7010990232419	17.1104513760921	20.504084234641	30.3753317746291	27.1517006991647	33.9145069437704	19.7304671722973	29.2309408434194	24.2444503894846	32.7907952097165	25.9144851609363	24.6830652113069	32.9287232629396	17.3059490277125	14.8988828740789	25.1098728501707	36.6566393800652	17.4288866257205	23.2321370604341	25.4285942362014	40.3939300979512	38.6330783429573	19.258577970453	13.1529596881428	11.3838423899581	19.1816356980832	25.02477425433	40.7143984454827	25.8587427649065	20.8267951537579	17.7350761871244	19.1565624672145	21.9877758359099	17.1420961372901	9.68332064918504	38.5368718637204	24.7265433731671	24.2746567603409	20.2575527565231	19.9606166293041	19.3902028485325	10.2215694487386	23.0046874320108	31.801403427777	17.2128964502485	6.77573636354018	20.2832228642984	33.7664391974315	27.1298743577333	23.7667431751589	36.3556932864431	18.0882708558198	20.0434094125293	33.8011394573444	15.9169909837469
"AqFl2-13"	35.1377576869266	21.7709172561468	17.8314598520746	33.8852254215334	26.7255110209081	17.0168834114599	31.8632853288516	15.8246630379656	13.4218611845907	37.3391231468022	14.1933958326493	34.4648735788208	0	24.9069244728806	19.4662867002869	12.5489039942605	12.1702929661419	31.3228770604701	34.3838070662293	20.8259266962409	23.1872695439608	27.5540860690596	11.8026253015805	27.6298184697803	29.7468481290893	19.85358149538	16.2387472407206	29.5463483268893	27.4202362417165	18.4765565940774	35.0737151122382	25.7872891459933	21.8995393466637	18.9470104686477	30.0600047690682	14.1298272112457	22.2393580156366	12.2720315995216	15.3157049570851	29.4060584077553	26.5544070500833	37.8141820737919	32.0449467800733	15.6047507580734	15.5601029252075	23.2666582656124	18.2385258316167	27.3472128227388	31.0674105190854	16.4359596516544	24.6134638388224	34.0387675372105	16.9499429612864	26.5924373750419	20.6442303290639	34.2777268097032	34.5038317355481	21.73469433357	32.0020115354284	17.8147970798968	10.4574288094113	31.6411336763378	33.5405512215861	19.9828063143047	25.6085174712228	21.1697777137398	24.9750591942267	10.1211287249952	23.3252819921073	34.3760806197815	12.6559040614147	30.377409388008
"AqFl2-14"	19.8405174693705	16.6596135274989	36.113157084891	37.9275831595525	27.9003354226675	35.7545498798849	20.370159574485	34.1098046344052	21.4201268686069	18.987247318679	29.3798509237503	24.2547086371445	24.9069244728806	0	24.9789350515577	34.9347185883677	23.0662367012757	21.8289202040802	18.8924599519611	19.1391045982004	11.3542366780419	5.44783738035513	31.2224896045838	29.3665660313522	14.3443976473708	17.7640597734883	28.5647371597785	17.4954910944359	33.640751340479	34.6659957565262	19.6618748936515	18.0621666919196	23.4102134197344	34.9632933852406	27.9504201450536	22.7041080961825	22.7866144482295	33.4850821928314	34.2025417016578	32.3194727810958	18.948929500385	26.7351096489074	14.8888394619626	22.5271548470401	35.583231553253	16.7525960467258	15.3273614163508	15.6194447947403	21.6789447720551	21.3786666702012	18.6762225635872	23.4993388436141	36.2888669294531	34.2545041149023	28.1842817221792	16.8704123927618	15.9304711721535	16.4362690957919	22.8853868384294	22.7818241261587	19.1607064244841	11.720402298859	23.8627550124719	19.8001528052386	17.3237236805014	12.9303770623986	9.54368149495378	28.3950895072307	16.1548419736435	18.1170224761926	29.1306552326251	27.1870704201469
"AqFl2-15"	27.3776241580825	21.2364307057659	25.2573865841884	20.6514246369337	17.9514580889739	25.508920770412	39.1043738760398	27.2526171117959	16.8825712420108	30.0161514468209	24.4058814198296	22.3178713270534	19.4662867002869	24.9789350515577	0	27.546525191145	23.1748317001791	17.6902325970197	27.6229517343842	20.0894219144069	28.5942577549173	28.7947705184163	20.2709266809615	11.8320703877462	33.4967637996299	24.4729514858828	24.9629630848824	30.7145671578166	15.5496286418608	20.2797711192433	27.90146817212	21.1786412015056	22.1143983807107	26.8102769456971	12.8653475529212	12.8425729688027	15.6231873387626	24.3337792306006	27.2315230648597	16.9172945957212	20.7700635888396	25.5065935965658	27.5076131518276	18.7828682874939	28.3140733839425	26.3619958759824	14.1213962025886	19.443497599812	22.2679112715477	14.6900688393612	21.1237946069198	20.5792495338093	26.1003582200863	15.8680276919897	19.8276389797009	30.8326611795286	29.9548547593438	21.4247756261552	19.445495105384	16.2538472133704	20.7414477826169	24.4899419205543	22.1913094209018	19.7446654973512	31.1945730828292	22.6360830174847	23.1146822376146	20.6086306277431	21.8586741874987	30.3554701817752	20.53548287653	14.0547794544558
"AqFl2-16"	45.4259364217334	30.3187228412134	16.1585183603928	40.0834208799011	33.3286443200568	14.8381522756369	37.8448476548602	13.4835473419617	21.8713712774469	47.6513718230758	14.1086426602368	43.1277855530385	12.5489039942605	34.9347185883677	27.546525191145	0	14.9396309260552	40.6279365132146	44.4734736152289	30.4111302594585	31.0229712949531	37.110077344497	12.1392988688107	35.6535375567714	37.5565545333122	27.0162357670059	16.7843995264415	35.6076828605566	33.4601375545923	20.2022487445241	45.2091064747928	35.1483852896749	29.9765044619587	21.189750878043	38.8487790792674	21.2645668823383	32.3347279409539	12.4171210391008	11.5140850858499	36.2617261806515	34.3601911594151	47.3910387905248	42.1554918884776	24.0260576171769	12.5685273743775	31.5961448866321	26.782019669213	36.1963500551365	41.1898033711688	23.6621298957805	31.9864295258244	42.9260085525917	13.9076594039172	32.9949123827075	26.7171170132645	43.840522461309	44.3365623054178	29.6479427902815	40.3779350325867	23.776142478995	17.8764810196717	42.0175779052173	42.0099427178636	26.4906859804503	30.6544332797501	28.4261401101299	35.3193282245338	16.6390114636095	32.8068459958003	43.8551383212042	14.4042348941127	39.1691291611767
"AqFl2-17"	35.5532024920798	20.0098207406622	21.2893596144044	37.7793789414656	27.1885089755619	18.876157678546	27.3597774938593	17.7784195692623	15.8369195127213	36.9348262838689	12.7335073262967	33.3095431635296	12.1702929661419	23.0662367012757	23.1748317001791	14.9396309260552	0	31.4886347101141	34.3776080574936	22.7912125848729	18.3345483942861	25.0904557040436	15.1076233618591	30.8542602174185	26.2435655587876	16.3418313847475	13.7707447345737	22.7723405287849	31.3174972173737	22.9802499829829	35.2905061316582	25.4321729881183	25.148856110643	23.7450905321094	32.7787952891343	15.5538777681516	28.136324849557	19.2982253396315	16.2644444955853	32.3209091394936	23.7259740738117	38.2617464962834	31.6385400767219	18.7138108168312	19.2188211277508	23.1711006202334	16.8143339626235	25.2211464420086	33.6583382135125	17.0208473959056	20.6054606122871	33.1017552508429	19.8821506811588	31.5744889697091	23.1943094710865	32.9130939649305	33.0719392744533	19.0366807850985	30.8530545623264	17.2086827850928	9.6416165713365	30.4329667132506	32.1696181369237	16.484702447321	17.8068254290434	15.8799655096632	25.4823844302119	19.0512135720217	23.067306022564	33.4220700476245	15.1078651286862	32.6330091510018
"AqFl2-18"	19.4812294307582	22.3600313970483	37.0400073420119	24.7056758832433	20.6445245610556	37.8405690893584	37.1267101261988	38.1961070226526	24.8765246114577	20.5890914538705	34.4495614067815	13.7010990232419	31.3228770604701	21.8289202040802	17.6902325970197	40.6279365132146	31.4886347101141	0	20.3169675635355	23.0444822854544	28.4529674797777	24.7798154502185	33.3933430450944	17.6762805057095	30.3899126712326	26.7597706479996	33.295186143762	26.3898848279751	22.6378807327246	32.5140194801684	20.7873951230425	19.9474195110999	26.3670057040317	37.4164311320851	13.3302374161753	22.77658054685	20.8582949134503	36.9797089232696	38.7867268864108	20.6729561681795	18.3164492131162	15.6909394928436	21.4640576557099	26.3465468502448	39.9744917809735	27.1718500274398	16.8526774882551	12.9067687745181	17.9917897720927	21.1343805030437	21.2330598676682	11.1373231248407	38.2688979173621	24.4045574256474	27.5320181336042	23.8599878125041	21.8537396380696	21.9703863635765	10.2859675330281	22.1372615201719	27.9464872219362	15.402126817787	14.362103535381	23.3380552691028	31.2563444446006	23.0683789728645	20.5052380876467	32.2230087183277	21.453703806352	23.4188803533965	31.5427862380744	13.4458575460409
"AqFl2-19"	6.70466917776668	20.862564319007	40.0368380279235	30.8297840546362	23.9273009569875	39.5190570949069	28.9300818813678	40.359036036679	25.2653716683565	8.1853377867749	35.4105080076218	17.1104513760921	34.3838070662293	18.8924599519611	27.6229517343842	44.4734736152289	34.3776080574936	20.3169675635355	0	18.1137922079081	28.0693752363771	20.68842765123	36.4286940352529	27.1893389581587	20.7182872340034	23.4428210970167	34.1931571047029	26.3311624161632	30.5344975396804	35.8366803063314	6.13597066304922	14.8563160006279	20.1416775900609	36.0976054356639	24.7889668942553	26.5649399820278	21.9644121140246	40.4922729503878	40.0825693131328	25.7928491355538	17.5613725886388	16.1437914623393	7.68680365965554	24.4105587482063	41.0578907753247	18.0934584027748	23.5134969087391	21.9304180061854	12.5935747911191	24.239592567932	20.7473975735628	18.7596366663107	40.3697922755247	29.8304453134163	26.2387917125445	9.20390919934637	9.06413057373284	19.7497818590704	18.1954206234237	25.7411753352719	31.3866935629642	13.1702482879845	16.6978549105283	23.3121326776427	33.487091693574	28.0211104145145	15.8983811432524	35.3470360021212	15.8267484916903	9.10289018597125	35.4988477265917	23.437135972957
"AqFl2-20"	19.0989833745021	12.441265363953	27.5094603225508	27.5266425030535	16.9043648653505	25.1800180819022	27.8812040932797	27.4008585005724	11.5819793236	22.2244054139008	21.4153537299063	20.504084234641	20.8259266962409	19.1391045982004	20.0894219144069	30.4111302594585	22.7912125848729	23.0444822854544	18.1137922079081	0	23.190544031532	22.2409489429704	21.7506306134308	21.86719528612	21.7653547461293	12.6262379563654	21.8338601237106	24.8774839413948	24.5508818319878	23.3734943728635	18.598764684113	9.3597386365279	12.7612657170803	22.2988652653264	23.1065154200107	14.5482221100221	18.2805895937572	27.5767355645851	25.7213465106398	21.0349101761801	14.393697709904	22.5945267923199	17.1907320467295	9.15668066262384	26.9697949221222	14.2477043856237	17.8779288281653	22.1284820005132	18.7814123363263	14.5403713623889	14.6946295395075	22.4009512631283	26.4369906198718	21.85782489168	13.303433982447	18.9756267829351	20.5343994745523	12.5576854905235	21.4567720200761	17.1047520983039	21.0778660822873	20.5183050018558	19.4245136411154	13.1762949622798	29.03612539061	23.6417177141854	18.1280920429746	23.2871383688599	8.66018004537096	19.4088022970329	23.5730346870057	22.2633916138804
"AqFl2-21"	29.1273069658204	18.149164704158	35.9088519681738	43.9270959454365	31.6101974260924	34.4288504589472	19.7377756170674	32.4111675294584	22.7559699451966	28.5819677514201	26.840317675477	30.3753317746291	23.1872695439608	11.3542366780419	28.5942577549173	31.0229712949531	18.3345483942861	28.4529674797777	28.0693752363771	23.190544031532	0	11.5451107999193	29.7622374061023	34.0287693588564	17.3755948052189	16.660492484036	26.7819025708668	16.1126155124864	38.4250617082737	36.0007406008955	28.8033232193551	22.8465417398706	28.7543366018666	35.7351684674745	33.9710001761036	24.1008699815487	29.8760580312562	32.7443029759071	31.6590394859082	37.6625656141123	22.8047445339983	34.3913163571611	23.8405894311092	24.0195574329083	33.8501847436885	21.6390375498521	18.0719060399208	19.9159989008514	31.123929415819	24.0487247392606	20.4510581310227	29.6325724379692	35.1754373665776	38.8415333830803	30.7877498678998	24.9917875294262	24.9172244158842	18.96240655312	29.2960464126499	24.9656206087271	16.4773111250401	20.7851421617336	29.7705633032558	20.19724436885	9.50715996384706	10.2931701880017	18.5415763556501	29.1164441789999	20.5705220016525	26.6145340487766	28.5838044425577	33.3483407263175
"AqFl2-22"	21.6011732816542	19.3476255606344	38.5640192639004	41.2522705818169	31.2632313938905	38.4446562160292	18.2076773360912	36.1207389547054	24.4462753517399	20.2583107015427	31.7653196677868	27.1517006991647	27.5540860690596	5.44783738035513	28.7947705184163	37.110077344497	25.0904557040436	24.7798154502185	20.68842765123	22.2409489429704	11.5451107999193	0	34.1384764529476	33.262678115726	12.9063105485142	19.8886566401963	30.6799020418352	17.4275792995845	36.999624021464	37.7104855522152	21.424679638185	21.1920755418582	25.8842468190376	37.5367568815747	31.6282875086424	26.1263376285845	25.7079337024129	35.7831726908396	36.5078250944201	35.7778006912711	21.858524588615	29.3667151088721	16.5028350881983	25.6564806695488	37.7382975657776	18.061558751323	18.4369814222914	18.0444869456607	24.1227473401705	24.413438462751	21.6158333924098	26.4667371482428	38.8153992877433	37.8721421057113	31.422078393151	17.7704903913872	16.6651115830325	19.0165076755374	25.6098602247417	25.5548471455967	21.0664630067531	13.7407898724747	26.7478024391218	22.7479152165997	17.0107660898442	14.5046757197336	11.3246494498239	30.8771606895029	18.9695640071242	18.9767927473498	31.5549756924084	30.8314506780917
"AqFl2-23"	37.3565326904022	23.3148706286707	12.6555687608385	30.4760630878806	23.030731908023	8.57363320931479	36.2816517868417	13.2227634487831	13.8450775555779	40.2105274496649	8.35750784746821	33.9145069437704	11.8026253015805	31.2224896045838	20.2709266809615	12.1392988688107	15.1076233618591	33.3933430450944	36.4286940352529	21.7506306134308	29.7622374061023	34.1384764529476	0	26.6451816813083	33.8328963620915	20.7599058791223	12.3458920115267	32.1204262596549	24.701445124843	11.6293989142304	37.0379379329034	26.2360788964011	21.7949061116811	14.4384124655356	30.2865695665105	12.2715814218834	25.909725163934	13.8990411612573	8.57233238540816	25.8424484849284	25.7314500186749	38.1293855113019	35.0029531786458	15.1552982038491	11.553826394324	25.7628596582114	21.6748407292992	30.8865622995031	33.3570122335374	15.8407973686139	24.1112311707658	34.3972977689948	9.18108582524217	22.9158704872015	16.0193925411337	36.7464854173395	37.6308726203755	22.4967143755622	32.1190959969577	16.4385232507873	17.7169311912056	35.8999245248058	32.6584377588959	18.2494676756389	31.1269640165994	26.8160239459302	30.6834773685271	15.652172686289	24.8373263363798	36.6402920219306	11.3216483109124	30.4543301604915
"AqFl2-24"	26.5254612458089	23.986536648765	32.8054486559956	19.6638468014698	17.2504169327346	31.4764315006873	44.5253798221356	35.3035630549781	22.5089382250298	29.5512933650728	30.8030851951922	19.7304671722973	27.6298184697803	29.3665660313522	11.8320703877462	35.6535375567714	30.8542602174185	17.6762805057095	27.1893389581587	21.86719528612	34.0287693588564	33.262678115726	26.6451816813083	0	37.8041468875143	28.5268156645369	31.9293749691339	35.0430653981314	17.3002854543973	26.1714094618408	26.7923739703763	21.0672337968679	25.7412506214572	32.0270780701791	8.07233890085436	19.1032069074252	20.0159214861844	32.9179517095845	34.0195661647853	15.369345465253	22.2452704741534	21.2715257827521	28.0145743863018	22.401033802994	35.6207097586921	30.671221988648	21.2944376381257	22.1398512660718	23.3141734010919	21.3548463107144	22.9784527410487	17.6546587863986	32.7630524873818	15.2097561280958	22.3362853196539	31.708942422691	31.2753814544194	25.4196270316805	19.6392396006879	23.2193553518347	29.3298408063506	25.7303533310008	19.744901057334	23.2329374880441	37.7404983850144	29.396522929116	27.4469257182789	29.1849289562856	24.0891190447307	31.4637854458564	29.1569915559033	10.4720615579127
"AqFl2-25"	22.6155717711202	20.4122450740066	36.8138920222123	42.1220742822318	31.0902013733567	36.5647768212699	10.1560786040148	34.2797205834015	24.4226764444787	21.8526060763479	29.5312799529828	29.2309408434194	29.7468481290893	14.3443976473708	33.4967637996299	37.5565545333122	26.2435655587876	30.3899126712326	20.7182872340034	21.7653547461293	17.3755948052189	12.9063105485142	33.8328963620915	37.8041468875143	0	17.2453500352017	27.6781749726477	16.489355351682	38.630075334159	36.6211280313837	21.8058556138048	21.619618866456	22.8794326274364	34.5280862689597	36.8785728416138	27.3611109312717	29.0702865799075	36.1318172375885	34.1491958111463	36.4220377270397	21.6209971308235	31.7210386839863	16.9842821850108	24.9194458484771	35.28696735226	13.1271496168976	23.0225468977822	24.6583770643445	25.6668884895574	24.5362645346476	22.2824411681208	30.6936423927634	36.5961560243085	38.9614410533145	29.4491067275652	15.4418804562555	16.2682003196623	17.9099220703765	28.1795742572498	25.1043095856104	23.895358877893	20.4011193222774	28.1748964069389	21.9393486409552	21.1089611840769	21.0633730681147	16.1977053199302	32.453313032208	18.2565527986337	16.2378591103272	31.3254720309938	35.4450736910152
"AqFl2-26"	24.9826117761801	11.0841770021878	26.7845648932709	34.5768405162401	20.6597380505366	23.9193115607538	21.1088647635251	24.6299585958475	12.9527004416285	26.4497540420464	16.6397239126115	24.2444503894846	19.85358149538	17.7640597734883	24.4729514858828	27.0162357670059	16.3418313847475	26.7597706479996	23.4428210970167	12.6262379563654	16.660492484036	19.8886566401963	20.7599058791223	28.5268156645369	17.2453500352017	0	16.6242523890025	17.0551930265523	30.2009462064988	25.3296915873148	24.3192851763378	14.0034667748969	18.1926879361297	24.0370327603579	29.8053366881673	15.3987785702529	26.0021593909678	27.6186159940445	22.1833538028315	27.6628698580157	13.7475103032083	28.7647741279038	20.8793120858683	12.639825988067	24.8698572755587	14.2875038641385	16.7958896049045	22.0048157885239	26.1951025122586	15.245525306825	12.2483546181482	26.0252042838844	25.0482544500571	29.0211735563801	17.5156468687868	20.8812243401045	22.702043437632	9.78195370221768	24.3590052894276	16.1829869535698	17.0136759572794	22.8468330404877	22.7335697338911	8.64611106291691	20.6099014864841	18.254880628351	20.221367183472	24.8728576986462	10.9342052887065	21.9243120875958	21.7636771451781	28.7261971433994
"AqFl2-27"	35.5360350206707	22.2193185286017	12.8272961985055	32.6163234348628	23.5399819828365	12.4124425905967	28.5495016298315	11.5116872045676	14.3069739046188	37.5677730558009	6.53923880797517	32.7907952097165	16.2387472407206	28.5647371597785	24.9629630848824	16.7843995264415	13.7707447345737	33.295186143762	34.1931571047029	21.8338601237106	26.7819025708668	30.6799020418352	12.3458920115267	31.9293749691339	27.6781749726477	16.6242523890025	0	25.3758345002679	27.3996085488167	15.0092930006839	35.2755835550065	25.4324421202077	20.0141686814643	15.753458650102	33.9371187637189	14.2209742660225	28.2533587536272	17.4951146662807	9.39480336128736	27.8805366823491	22.4341812809354	37.5781450133236	32.664495304501	17.3416532241826	12.114849125427	21.3300966767881	20.0443706227059	29.6980659403738	32.4077812330146	13.9241027898076	21.7913959077415	34.3692441261808	11.5562263946127	27.4770861527959	16.8625153658951	32.5743563309871	33.5856571190933	18.0457171004459	30.3133627042852	12.7961271190719	16.6550219229234	34.0823252196208	31.2042795285961	15.7335919214475	26.55670737007	24.0519753819395	28.7086144827927	18.7369405806379	22.2637504947547	32.1735671088141	10.1565815105307	33.2963680946977
"AqFl2-28"	27.6531904452152	19.7094134220534	35.4206200607817	40.3843062626303	27.9357792849986	35.3011527003455	18.6634490559305	33.0449983990399	24.4206609423095	26.7016876086742	27.5883133624593	25.9144851609363	29.5463483268893	17.4954910944359	30.7145671578166	35.6076828605566	22.7723405287849	26.3898848279751	26.3311624161632	24.8774839413948	16.1126155124864	17.4275792995845	32.1204262596549	35.0430653981314	16.489355351682	17.0551930265523	25.3758345002679	0	36.0474133643472	35.3927221861402	27.4694257712424	22.8328309734155	28.0507324355324	36.3173308144973	34.1702949197457	25.1492364986165	32.6908455120217	35.8824455721532	32.7739368258576	34.5454450105411	18.5608582455136	30.8649131074456	23.6269253170796	26.7622215013686	35.126858914358	21.3519967951039	18.8353313809819	18.7027440962834	29.9616266154136	22.3418212218079	19.1342166737872	26.7709923807515	35.2831331273505	37.6859845867827	29.798014835106	22.1853483065874	22.2887114643818	16.6546286183709	23.8637436710909	21.9884485109826	21.9618798018082	21.5338231169168	24.6983041291675	18.9382758140459	14.9639116455317	15.2597968120048	21.7638635150945	33.4282234448023	20.5047543226295	23.0527162109536	29.1054144886333	32.753242230002
"AqFl2-29"	30.1305491482508	28.2201214424351	24.4329751815353	11.0891685685522	17.405590815101	26.9441985810541	43.8592479356262	28.7683724354599	21.7981554938377	33.4241559495029	28.2576500915289	24.6830652113069	27.4202362417165	33.640751340479	15.5496286418608	33.4601375545923	31.3174972173737	22.6378807327246	30.5344975396804	24.5508818319878	38.4250617082737	36.999624021464	24.701445124843	17.3002854543973	38.630075334159	30.2009462064988	27.3996085488167	36.0474133643472	0	18.5024548716103	30.9473167074833	26.2042331563426	22.2676317867912	26.0085374285924	17.2649266581695	19.000666930741	19.6404235168492	27.3166725125767	29.797153247961	11.4142124067183	24.7269650053488	26.2047696742728	32.1493278493042	23.8290627211681	29.6752444611436	29.792967097237	22.5948557547887	27.0417974195333	23.3018894091573	18.0504286258495	27.2895420286849	24.8276803137465	26.5586507418581	10.6725806026272	20.0738474737109	34.0349528216736	33.4278903188848	25.8897722326828	20.9525927257939	18.4043904122302	29.088906654876	31.472185960659	24.1621583510379	25.3718522374792	40.4648875529695	32.5267773228687	29.9584221413595	24.9450028392122	26.1187546703042	32.3688305136884	23.2491098107374	17.1456841726836
"AqFl2-30"	36.5013034388777	27.1471247343176	8.5313618563003	22.6560653717699	21.3516811044081	11.2520836056304	39.5616045859722	14.4089307501672	16.351743209386	39.7233623003691	15.031668343594	32.9287232629396	18.4765565940774	34.6659957565262	20.2797711192433	20.2022487445241	22.9802499829829	32.5140194801684	35.8366803063314	23.3734943728635	36.0007406008955	37.7104855522152	11.6293989142304	26.1714094618408	36.6211280313837	25.3296915873148	15.0092930006839	35.3927221861402	18.5024548716103	0	36.6108430328976	27.809090998553	19.3663164215876	11.7929285744419	28.7957764138425	14.2354821164364	23.8065840027719	15.4849390170385	14.1361981429237	20.4718923602689	26.2828291669323	36.3216911489731	35.8212334527844	18.5698692057432	13.6695339671531	26.775431612374	23.3638127486074	32.8852654409978	30.4711040635929	15.0799051280064	26.9131105674363	34.2090469276045	9.72630729000519	17.575368005642	14.1169217472382	36.9819115642712	37.5057383824377	24.1559067951321	30.2173956304746	14.890366367725	23.3098794056202	37.2736223126493	31.7243978280778	21.7821054841473	37.2442769545029	31.6339289818273	32.199902299592	16.5372108615454	26.1326587562137	35.8553686165943	11.6037581246126	28.8379940342964
"AqFl2-31"	6.43202865306999	21.2044506585212	41.0164374165483	31.1257439386424	24.3997803956939	40.4195553256697	30.2732582766165	41.4267377808711	25.9648209219114	8.08685371861989	36.2654681530208	17.3059490277125	35.0737151122382	19.6618748936515	27.90146817212	45.2091064747928	35.2905061316582	20.7873951230425	6.13597066304922	18.598764684113	28.8033232193551	21.424679638185	37.0379379329034	26.7923739703763	21.8058556138048	24.3192851763378	35.2755835550065	27.4694257712424	30.9473167074833	36.6108430328976	0	15.1005330930355	21.0587321636291	37.0560105598743	24.5056481106412	27.2133996551267	22.3255622742627	41.369457532714	40.9541837634146	26.1456868689384	18.3688058111329	15.8690341996893	8.05594878320472	24.9067232193949	42.0015234795851	19.212241433136	24.3746640476684	22.3338471506536	13.1254944555975	25.2238379088836	21.4483649522139	18.6749508915029	41.2166524242069	30.0565398101117	26.8754183931231	10.6124257288345	10.6020063416972	20.8244733764147	18.7939981804373	26.8511307430673	32.2856601227368	13.4017852423269	16.9673731987477	24.0031865703885	34.3858371025699	28.8383123652912	16.5843231153923	36.2084545963428	16.6462107212193	10.287934898829	36.4870019911371	23.131799739516
"AqFl2-32"	15.9148854129416	11.3940315382244	32.396710248107	28.4198519774364	16.1798440840471	29.8424171518914	28.6583875983599	32.3961605115128	15.9882145106321	18.2469086690171	25.2587194215636	14.8988828740789	25.7872891459933	18.0621666919196	21.1786412015056	35.1483852896749	25.4321729881183	19.9474195110999	14.8563160006279	9.3597386365279	22.8465417398706	21.1920755418582	26.2360788964011	21.0672337968679	21.619618866456	14.0034667748969	25.4324421202077	22.8328309734155	26.2042331563426	27.809090998553	15.1005330930355	0	17.2107799101591	28.1501626685825	21.4257353286204	16.9521005702795	21.4906271342863	33.2688949868701	30.3942491827929	21.1905245727095	9.79877291347936	18.267258032087	14.2823349722475	14.3717384591105	32.5052127611265	16.7203070834105	17.7385960420376	19.2699528584261	18.6108323978873	17.021447666317	10.8644512852417	17.3355494617678	31.4283713078803	24.0244562631811	16.7309090469433	15.8993195165603	17.4553322437319	11.7583052855422	17.8276636736535	19.1529115630161	24.4845356991025	16.6140275010342	13.8539189658734	12.3986346202896	28.3882673961199	22.9592196974555	18.3416126357212	29.0757384194641	7.88737721445276	16.74468897902	27.8228520896752	20.1869827631254
