""	"AqFl2-01"	"AqFl2-02"	"AqFl2-03"	"AqFl2-04"	"AqFl2-05"	"AqFl2-06"	"AqFl2-07"	"AqFl2-08"	"AqFl2-09"	"AqFl2-10"	"AqFl2-11"	"AqFl2-12"	"AqFl2-13"	"AqFl2-14"	"AqFl2-15"	"AqFl2-16"	"AqFl2-17"	"AqFl2-18"	"AqFl2-19"	"AqFl2-20"	"AqFl2-21"	"AqFl2-22"	"AqFl2-23"	"AqFl2-24"	"AqFl2-25"	"AqFl2-26"	"AqFl2-27"	"AqFl2-28"	"AqFl2-29"	"AqFl2-30"	"AqFl2-31"	"AqFl2-32"	"AqFl2-33"	"AqFl2-34"	"AqFl2-35"	"AqFl2-36"	"AqFl2-37"	"AqFl2-38"	"AqFl2-39"	"AqFl2-40"	"AqFl2-42"	"AqFl2-43"	"AqFl2-44"	"AqFl2-45"	"AqFl2-46"	"AqFl2-47"	"AqFl2-48"	"AqFl2-49"	"AqFl2-50"	"AqFl2-51"	"AqFl2-52"	"AqFl2-53"	"AqFl2-54"	"AqFl2-55"	"AqFl2-56"	"AqFl2-57"	"AqFl2-58"	"AqFl2-59"	"AqFl2-61"	"AqFl2-62"	"AqFl2-63"	"AqFl2-64"	"AqFl2-65"	"AqFl2-66"	"AqFl2-67"	"AqFl2-68"	"AqFl2-69"	"AqFl2-70"	"AqFl2-71"	"AqFl2-72"
"AqFl2-01"	0	0.734761379165931	0.924899709003872	0.71345364303111	0.6665013543915	0.855201887754044	0.482349280628451	0.859920665066864	0.737349137273226	0.500006666751331	0.803435547451266	0.757691504167146	0.716817394595591	0.600959980983028	0.772595766903722	0.893554962531636	0.809426510087438	0.713679476006092	0.467296516756622	0.600109628031143	0.763774108943567	0.574720349103715	0.832942738152516	0.709552629984519	0.46586339711255	0.725934135931368	0.819740199266505	0.753304631143474	0.701679723589925	0.859715426402694	0.462001572721904	0.71719605181206	0.459000478978866	0.640512497924847	0.730952063812174	0.761859392221829	0.509342903536988	0.80040635650735	0.851785585670409	0.704234938651541	0.644674551403447	0.498091891202021	0.664673724015415	0.795863316233446	0.44474233814589	0.844734968048102	0.729451633112592	0.496822793239899	0.666778633116931	0.86006811515166	0.743247000052069	0.851123738135677	0.679169048257411	0.7688388422014	0.478810040445553	0.500856416430077	0.719750734469092	0.719271629635714	0.710344598981113	0.50347251915616	0.710038714469405	0.838512646253979	0.916981669832948	0.920105958529974	0.461402564147089	0.6863371495152	0.63006146685403	0.479875339696142	0.845604989300665	0.70684135192198
"AqFl2-02"	0.734761379165931	0	0.848801789738723	0.744915778283949	0.767438582815278	0.655445817561935	0.787274111040368	0.683866990555869	0.540473205156176	0.807696877863832	0.661941788511413	0.784241713716211	0.53838481915786	0.656944950607436	0.677673388299805	0.723014750445506	0.672949027466285	0.815023327602313	0.774892266322469	0.577645565751366	0.608225845158435	0.714641261369132	0.610879973099547	0.762716842899678	0.79511209799101	0.45012891658905	0.651829207298827	0.854094438673373	0.798967012713378	0.648817796366719	0.776891265676047	0.497411211338192	0.798747585296325	0.583019483726452	0.756806907514436	0.647732089567002	0.74656239758727	0.581823496190755	0.685349526202101	0.758095579455768	0.801617138009269	0.810169611870652	0.451149024533649	0.589926758088716	0.800024679991256	0.665900887512193	0.784036176943004	0.798679073397953	0.585296380365848	0.612207535437805	0.749818883609728	0.655960287681298	0.717936060484709	0.471765521707181	0.797207507156609	0.802395304433107	0.592178091609828	0.820014491523459	0.568753719084414	0.783186342328438	0.792987160008158	0.638952491085126	0.881228145276046	0.782266709332714	0.77946718881168	0.596132085825328	0.595008076775985	0.793295835883502	0.671488395534355	0.710130858309599
"AqFl2-03"	0.924899709003872	0.848801789738723	0	0.827433455566585	0.90098852560507	0.692712941568258	0.971582103246785	0.416181769885637	0.752489904633238	0.974991982119681	0.676595240448096	0.949395970647789	0.749593359092709	0.901216845753768	0.76888548022989	0.608419459340922	0.676542245194006	0.908982052747425	0.940440000336484	0.865247223925029	0.927304486734997	0.965191921066763	0.562039780921243	0.911245624101757	0.976688874241519	0.837415041599312	0.732286211347497	0.965525448769083	0.856981657071104	0.584512911131252	0.945209956897741	0.851637206659113	0.931593887723837	0.788293456517243	0.819825338152904	0.740665622956882	0.899576809224799	0.683587794475821	0.603597144787695	0.872414221466176	0.96454701647395	0.971757436976774	0.77701695478845	0.674903389036166	0.941982596494246	0.681590625354745	0.913749382307773	0.941233296311839	0.819717727520072	0.779681075335007	0.913603767620642	0.577985697604139	0.869022891418752	0.769588278941898	0.944335633843133	0.978268138791138	0.81686236530165	0.918825734715439	0.736873905691663	0.972713813447582	0.930195068374991	0.750545538691293	0.868109357198008	0.708225472626379	0.929256119398822	0.78458971031787	0.863027089530004	0.951429789669429	0.670971042037692	0.887017360079674
"AqFl2-04"	0.71345364303111	0.744915778283949	0.827433455566585	0	0.604480591427009	0.744214914451549	0.770472458761058	0.71896309099283	0.723323526537914	0.799141714849568	0.711051442688789	0.640804523636232	0.697250520806678	0.725867825514004	0.538977169366297	0.82125301232473	0.773662515958595	0.600328810629444	0.757470550173306	0.703718633702181	0.835271471548586	0.776884430155814	0.692642900799544	0.618587666734007	0.779101951963465	0.699241175795087	0.715539549660594	0.638853364835426	0.581145362660979	0.713631567047668	0.7677658677865	0.708392009753696	0.739482745651028	0.72296332738341	0.545496599139255	0.645869961809661	0.687567538148379	0.728393797961056	0.769935788913697	0.570585021296235	0.662569165813236	0.78351291890025	0.69690380913705	0.73356965300174	0.765053973360684	0.67432868109718	0.598553070697464	0.731061619233026	0.644832485253768	0.786306983098806	0.597252475250961	0.713513112123734	0.575951886679403	0.719581019373036	0.760337043975383	0.77570603760733	0.713907486724257	0.506720599020816	0.661105413696513	0.792460257898844	0.60123191699708	0.722179741526886	0.910043185814111	0.85179166469649	0.784230022709963	0.645029527111478	0.754421434930087	0.786612961292774	0.711380319496832	0.533132325151157
"AqFl2-05"	0.6665013543915	0.767438582815278	0.90098852560507	0.604480591427009	0	0.811111162667302	0.71451275744292	0.835878667449466	0.750217848756194	0.713543572507525	0.744063562349009	0.579519418823942	0.721237368939389	0.700705581983463	0.648875455350075	0.844223678069815	0.762213827068839	0.55782890748624	0.657687711262967	0.725312212191953	0.840787671616797	0.749174369619917	0.781024614775009	0.53672715972029	0.705724744700344	0.769227087405547	0.746389761721957	0.60880350444667	0.569420832615592	0.813467605649123	0.700058914199204	0.771504376940534	0.639406344736287	0.712924762096205	0.608832311375343	0.673991967045416	0.696811096520208	0.819252579023217	0.812531895985507	0.578509690876207	0.630129197415752	0.716220343941157	0.74078274094903	0.808859630462265	0.687415718533013	0.799625377683116	0.548328819575632	0.683124224975528	0.625507683992711	0.819611097065017	0.574532341406016	0.804483990363662	0.533108552653835	0.744563139264487	0.680744666371595	0.703252300685384	0.713326904238699	0.596202232791731	0.730991059031014	0.723875371961884	0.55578198751179	0.789299569281705	0.901396133838312	0.908736771716754	0.717553211379195	0.75369747549972	0.712462611241258	0.699223813522394	0.823067339619798	0.573633306660657
"AqFl2-06"	0.855201887754044	0.655445817561935	0.692712941568258	0.744214914451549	0.811111162667302	0	0.890690698669168	0.551569402969235	0.579909238930193	0.900955560410307	0.533361664322119	0.839691776245479	0.600077658597034	0.820100244320211	0.654300725341934	0.516769622848079	0.441885688722127	0.853133257823969	0.87568945078474	0.761706179227791	0.78469117015134	0.865225268318971	0.506641219225977	0.814052609861814	0.890832541338365	0.637868237647321	0.509207922823346	0.922544964685778	0.834334735425041	0.462769263132305	0.86986671943031	0.700284948103457	0.86649326171864	0.630354267073062	0.780561971001379	0.630881882957125	0.841682497553768	0.671341587759916	0.575451148607798	0.791899372094881	0.8859938811516	0.909442129808219	0.648101239973881	0.553848312663609	0.874648661035078	0.652290878739326	0.848456326503407	0.886681503059039	0.669765074703752	0.379251468752092	0.804235521565912	0.527907966972147	0.797420836227814	0.526226164377469	0.883581725001642	0.87955674746219	0.708181888447551	0.854529896674937	0.69520987878676	0.907495984804972	0.84375245688896	0.581221106102363	0.90400667790726	0.804924417430102	0.897907404752091	0.689257193362768	0.76311126920278	0.880535821358953	0.64834758644716	0.786981367553477
"AqFl2-07"	0.482349280628451	0.787274111040368	0.971582103246785	0.770472458761058	0.71451275744292	0.890690698669168	0	0.908543889057982	0.794368598213402	0.409658118843792	0.863394094645746	0.776879228212356	0.78398999895122	0.589186455507762	0.83862939248369	0.93534845270386	0.85692504859201	0.737808055505211	0.459320293895412	0.67715331502826	0.766574744975085	0.505785787208287	0.898305254622572	0.761080167959958	0.463615984866577	0.771287106011116	0.874898039459137	0.753336451488377	0.755641275525867	0.910898251614809	0.484977463907262	0.7585274558866	0.454332244144959	0.704714466077138	0.799601783568748	0.806785655435651	0.508598443333069	0.856132846447872	0.908055479304954	0.742199788960289	0.653167861653659	0.460647222259682	0.724980961179356	0.856056846056715	0.463091376843141	0.89222492930453	0.737563434577741	0.485575575938146	0.68139323563538	0.891943251621246	0.756955741400833	0.900741800236053	0.696203785667996	0.803036071518157	0.46854240608634	0.443771686600141	0.75491124584616	0.735301748690924	0.773128174948273	0.494839995441662	0.738465967991938	0.875455647960044	0.923991405739036	0.927204663407459	0.482163265481674	0.732128965175595	0.676919756489082	0.484312587042074	0.901093004325606	0.751416861817429
"AqFl2-08"	0.859920665066864	0.683866990555869	0.416181769885637	0.71896309099283	0.835878667449466	0.551569402969235	0.908543889057982	0	0.597906544412879	0.921866697732136	0.5802563703435	0.873913252123611	0.588398605148612	0.790921779101648	0.669452897747322	0.682730388013549	0.59348793244182	0.826161315621296	0.884220092589226	0.735362379918224	0.801516895546354	0.877391697968234	0.50021531412837	0.82901431794643	0.918229408895374	0.656486270166165	0.605258863906184	0.920377124083153	0.786924193006645	0.436136493643669	0.889278193235146	0.687903102071754	0.88172335457399	0.67532938762416	0.741339320292096	0.586820725168812	0.827783396761305	0.554368254496255	0.62466661235126	0.79785856000809	0.896209506184749	0.920555964123033	0.611999700611367	0.567962882363116	0.891102881042642	0.507901367961343	0.846282188363412	0.883426263405413	0.707696122826026	0.642137016418318	0.845673803553209	0.534940199978446	0.789758497296242	0.623974696489077	0.891849835107917	0.92511670177987	0.68372206887594	0.845478700069504	0.567388558214949	0.904148383954291	0.864424308693057	0.638878705050922	0.879780680438214	0.59323915711388	0.872851150044348	0.62565244011181	0.745570318883067	0.898013435502376	0.513860251598261	0.794127556633739
"AqFl2-09"	0.737349137273226	0.540473205156176	0.752489904633238	0.723323526537914	0.750217848756194	0.579909238930193	0.794368598213402	0.597906544412879	0	0.800034525155374	0.662820402176259	0.799397732023837	0.520250631376106	0.687429490281311	0.669829166702682	0.674166049470889	0.567387882994144	0.811448335164351	0.756344248612705	0.563423549004315	0.673232600575315	0.732240956025845	0.620375424937654	0.775290503774948	0.794160355504009	0.541092948191939	0.546029580690325	0.875916376019578	0.764295176777745	0.652036196163965	0.753000206493199	0.528643904999126	0.775772213929662	0.588487586761557	0.708787790682438	0.613631864003391	0.718884768893849	0.58234977211799	0.682429836572639	0.757070505537062	0.785848451190626	0.802432398692922	0.494878155220039	0.595206738827424	0.767826626579289	0.677003727783779	0.775915283926967	0.777552191611146	0.622627314201764	0.623533850297641	0.775306419025641	0.657957610785058	0.692753305010927	0.477549672674574	0.777697997620414	0.803972109592723	0.583255814589388	0.82148800622046	0.55558863971705	0.78375792288815	0.803424432552901	0.685997321520704	0.903946395306355	0.762500687538874	0.772330570156234	0.584000477291958	0.587793670265158	0.781580168427338	0.612050736774332	0.742213020367069
"AqFl2-10"	0.500006666751331	0.807696877863832	0.974991982119681	0.799141714849568	0.713543572507525	0.900955560410307	0.409658118843792	0.921866697732136	0.800034525155374	0	0.873529507887316	0.772355733437931	0.802293825379268	0.625457681077035	0.834989199747489	0.938079288349924	0.86566141566757	0.758884843737365	0.409396140201267	0.695772872858982	0.784462202453136	0.527182985747166	0.897931318175531	0.763118939586031	0.444474627676021	0.786117031212207	0.864357870510258	0.776205758477698	0.757130793165072	0.914775164044839	0.433819581813547	0.761884800834587	0.43087772129607	0.736602435993044	0.795229615225336	0.811219367211936	0.500690514882692	0.870402560647133	0.914046701376075	0.755028804963704	0.677006607559233	0.416052490064457	0.745202535157044	0.865000742507208	0.406962203543858	0.892200817734561	0.744669957715931	0.447940054860566	0.706917501684616	0.899366649077006	0.760816629754963	0.911595234107785	0.711408941571691	0.816266724592083	0.436652918917137	0.428097777374174	0.745564382392165	0.764597557035309	0.791717898233797	0.446726808934556	0.747732911449352	0.888909678860747	0.927474660672875	0.928325388392578	0.430737416107412	0.765721873776444	0.697552978797518	0.43278834510324	0.899019060217477	0.762474583065816
"AqFl2-11"	0.803435547451266	0.661941788511413	0.676595240448096	0.711051442688789	0.744063562349009	0.533361664322119	0.863394094645746	0.5802563703435	0.662820402176259	0.873529507887316	0	0.829611692262315	0.332080168682663	0.727262333137597	0.569294537595871	0.553307221044976	0.374844566876952	0.782518713142347	0.837394058204211	0.724000006136565	0.783225632379196	0.803034069053781	0.375604797725892	0.708980087303707	0.866076948491126	0.583482621713982	0.595115827751738	0.859557073856897	0.808230575955415	0.419741653130642	0.838335904661521	0.667053497830032	0.839291119348404	0.572693176713081	0.689082474961445	0.439582191864866	0.833440128593848	0.634021158747822	0.458740512153365	0.756102464090603	0.877571645407751	0.875010068985857	0.606073530126052	0.588098372185155	0.840552802667762	0.578112023502934	0.843295157094068	0.85614755407011	0.528621804894043	0.5391480061394	0.776779636158123	0.471233392555853	0.78478701240592	0.57827060117443	0.853266363340992	0.864884762459337	0.567393181945592	0.772562099201997	0.498701712984641	0.862908493095499	0.816986861394461	0.447653752711875	0.636429958276681	0.713401423467022	0.861681362386655	0.653338860680334	0.651504851264843	0.850432234030181	0.571287555756886	0.735668618656404
"AqFl2-12"	0.757691504167146	0.784241713716211	0.949395970647789	0.640804523636232	0.579519418823942	0.839691776245479	0.776879228212356	0.873913252123611	0.799397732023837	0.772355733437931	0.829611692262315	0	0.803276892635014	0.814602383277482	0.654545323209651	0.896465939723932	0.829895448565644	0.585157894512588	0.753171432796604	0.739991465083402	0.824686262681773	0.735441262748217	0.806868596802794	0.613991140498675	0.773183318555784	0.76150094452477	0.790894562788524	0.642788599590795	0.626585844070208	0.846512601362796	0.780630686385314	0.768103760548352	0.75676801072284	0.79557120656304	0.599696317747693	0.741875417535112	0.790449166498396	0.856141089527027	0.844246228086763	0.627811073970925	0.628505334309525	0.770420622063345	0.779677690182336	0.835395095132087	0.782731310831136	0.776992431882875	0.61812924890664	0.780384746651346	0.74495135493058	0.826824200731412	0.624672486914924	0.834577006569083	0.629691441452293	0.812178508011174	0.757858120375548	0.764028471434443	0.783702816768912	0.578181881065789	0.80736622705975	0.796778753366542	0.543242461837954	0.7987728659672	0.923609459530483	0.882710385740358	0.792099835772521	0.78498945122204	0.765203242765625	0.791706888330325	0.835206887655743	0.621807099669954
"AqFl2-13"	0.716817394595591	0.53838481915786	0.749593359092709	0.697250520806678	0.721237368939389	0.600077658597034	0.78398999895122	0.588398605148612	0.520250631376106	0.802293825379268	0.332080168682663	0.803276892635014	0	0.582599254155221	0.609763199295514	0.646263726315046	0.497194232094019	0.762433336178426	0.757207073597971	0.595863182352758	0.60701026859818	0.684661227362048	0.498346184363842	0.6946549897622	0.787816965501779	0.440224099123007	0.611192783553004	0.814932543090595	0.772565728042334	0.530778669125795	0.762874832335889	0.498913011716795	0.77523552694043	0.395191403685205	0.717812042061268	0.432827717390424	0.748383335300529	0.489424664472391	0.556288874804616	0.739161221164576	0.803148782943032	0.810638218091649	0.430032676456229	0.489267821157784	0.772238689435982	0.610233280978884	0.817638829936404	0.781448681653408	0.456683467110664	0.617773087114338	0.758127343989736	0.521415309258654	0.733102196534575	0.462248683308366	0.784837513675143	0.795513173175534	0.441907749017445	0.770195415403142	0.346236283157226	0.765825635705242	0.782555955767306	0.580191483381055	0.739327918247828	0.776085030840512	0.784037398791778	0.477091573985433	0.480874150002222	0.779173544134623	0.540493841672211	0.708640656036063
"AqFl2-14"	0.600959980983028	0.656944950607436	0.901216845753768	0.725867825514004	0.700705581983463	0.820100244320211	0.589186455507762	0.790921779101648	0.687429490281311	0.625457681077035	0.727262333137597	0.814602383277482	0.582599254155221	0	0.773651714159697	0.861211010617689	0.74219481619875	0.714837311638771	0.604276640879954	0.591360034591332	0.664371837534297	0.544345200475734	0.798844085100523	0.689247783726682	0.59686774982613	0.597540561112263	0.794227255810262	0.753080432621433	0.752756338325748	0.82246528746226	0.602842991940387	0.581918255316814	0.625928333566904	0.554293954155829	0.758715530389545	0.675540300592964	0.584241921572079	0.681665551586529	0.822366302425563	0.752210247806622	0.725003269023472	0.64994937912729	0.576090184167962	0.751359011801983	0.621656642657317	0.752392589051547	0.718996373889528	0.578385623369601	0.52307448571781	0.782680227251773	0.720822393254389	0.824610478416803	0.701653250090551	0.665265577381413	0.62564176960075	0.624022422961148	0.641319415184855	0.728420577792095	0.569632200298036	0.566464437168447	0.746750728043837	0.789821494234395	0.849830296202476	0.867159525265779	0.577906477039082	0.573861301288685	0.504163831801451	0.610459476988299	0.769030700999593	0.71511877521159
"AqFl2-15"	0.772595766903722	0.677673388299805	0.76888548022989	0.538977169366297	0.648875455350075	0.654300725341934	0.83862939248369	0.669452897747322	0.669829166702682	0.834989199747489	0.569294537595871	0.654545323209651	0.609763199295514	0.773651714159697	0	0.672886217565516	0.648416474236936	0.687076199734781	0.779380511150088	0.664394783627089	0.786284778553831	0.792841088453503	0.471048228059234	0.643748575697685	0.828990882736402	0.644331693232088	0.5575714851112	0.746039361505012	0.661764113372944	0.547674109176651	0.800298002137007	0.702761430965206	0.796169502451908	0.69126194936049	0.4670668422269	0.582001015611559	0.750174522558849	0.682502566673548	0.603026037765034	0.602895707231201	0.751150709772538	0.842513882955264	0.593945260668991	0.637884935882741	0.810237457201183	0.609917633021521	0.696241643378659	0.813720511488884	0.584623508123399	0.627717761483193	0.566500004933426	0.600991472484642	0.637943399926617	0.640251041845857	0.811140455725733	0.837406934751311	0.661980052576399	0.650439544339962	0.618650305398392	0.850817478779685	0.665129799391723	0.572994220402925	0.877609440634682	0.779150399195801	0.846352424328916	0.660897159249412	0.694479940656134	0.824775589455901	0.667143663051536	0.556535010573365
"AqFl2-16"	0.893554962531636	0.723014750445506	0.608419459340922	0.82125301232473	0.844223678069815	0.516769622848079	0.93534845270386	0.682730388013549	0.674166049470889	0.938079288349924	0.553307221044976	0.896465939723932	0.646263726315046	0.861211010617689	0.672886217565516	0	0.557480877640987	0.904789114139679	0.906859031363437	0.816015506058018	0.820704987196996	0.912770261178624	0.499160120348709	0.853779245753529	0.937133728230101	0.739550537265251	0.578961668654421	0.944392410772086	0.877990025416961	0.541670214279441	0.906849800548203	0.778188345484975	0.902281270369154	0.761956086556578	0.804701269977662	0.681696162692503	0.881637478570696	0.612868275707908	0.460157622524554	0.837618967101571	0.937454800416141	0.940555627089425	0.705128492448997	0.630222172106799	0.903125377670477	0.709834589475429	0.896150407822566	0.925544963590463	0.715298346116556	0.508330835814446	0.841183725458413	0.468262094091194	0.840727471982747	0.584718231467944	0.917798341838907	0.93727210535818	0.763387346687223	0.909058091484149	0.750270785983935	0.945072732847774	0.885934252821207	0.611497110410237	0.814915545056397	0.818026381047864	0.928108653913927	0.763994775033986	0.809922706130282	0.91562237162757	0.685218934943003	0.82569697463065
"AqFl2-17"	0.809426510087438	0.672949027466285	0.676542245194006	0.773662515958595	0.762213827068839	0.441885688722127	0.85692504859201	0.59348793244182	0.567387882994144	0.86566141566757	0.374844566876952	0.829895448565644	0.497194232094019	0.74219481619875	0.648416474236936	0.557480877640987	0	0.794308587474487	0.826256787031604	0.710817803302439	0.795524917596328	0.812151045820521	0.517247337313039	0.73959273958562	0.862396612586545	0.653211052670314	0.57530541127493	0.87425408418888	0.801930950858221	0.581041765400649	0.831413081030356	0.678973908041517	0.843025396599319	0.578829734004131	0.676072910282374	0.502203997532062	0.835350943431078	0.687315681791731	0.589777350910885	0.780322325714797	0.877381593735088	0.86639054705224	0.647248975046241	0.677246280202013	0.838295883574032	0.65767072695539	0.831771256081824	0.846732268719288	0.582218379320835	0.388657630668929	0.783513611526233	0.616311670092971	0.76876488831198	0.568879211425952	0.84261948244179	0.843577299005712	0.605359743890302	0.800369184829179	0.546769374198119	0.859454501190115	0.82919478982758	0.550138524621658	0.697045282506031	0.645273106406441	0.837431844166122	0.714006808492855	0.688780345163808	0.847685491147166	0.652089186915008	0.783238360513872
"AqFl2-18"	0.713679476006092	0.815023327602313	0.908982052747425	0.600328810629444	0.55782890748624	0.853133257823969	0.737808055505211	0.826161315621296	0.811448335164351	0.758884843737365	0.782518713142347	0.585157894512588	0.762433336178426	0.714837311638771	0.687076199734781	0.904789114139679	0.794308587474487	0	0.708414876314528	0.72628307416558	0.850916450103852	0.760284494779973	0.826982151453038	0.567219259406305	0.742925610213	0.756134416285225	0.818088267958282	0.562636463234443	0.571699304066749	0.861761279555746	0.734455350152811	0.781941581387413	0.702298155903287	0.777447744862392	0.573826137480834	0.685460407414492	0.736929121480635	0.835436242886697	0.872145870064429	0.540238086732643	0.621936665267583	0.747864258988579	0.778102614293756	0.855033264811376	0.743797442160455	0.766529171046613	0.553889817211242	0.712098609137105	0.693282084074419	0.844539173388656	0.608214155307519	0.849549274768328	0.608285041594398	0.815896557310384	0.729573077531407	0.744238052581114	0.723619321433644	0.523379288015267	0.721923197281265	0.770529398042441	0.580984980545245	0.797704536869155	0.885255323493267	0.877385075953778	0.729148201547029	0.756246343317966	0.731658817360028	0.7378129825165	0.832611525171135	0.613754153283
"AqFl2-19"	0.467296516756622	0.774892266322469	0.940440000336484	0.757470550173306	0.657687711262967	0.87568945078474	0.459320293895412	0.884220092589226	0.756344248612705	0.409396140201267	0.837394058204211	0.753171432796604	0.757207073597971	0.604276640879954	0.779380511150088	0.906859031363437	0.826256787031604	0.708414876314528	0	0.64063911530309	0.782350579069363	0.592160928066571	0.863653180042385	0.724850410314659	0.46453995851389	0.752777054184829	0.81628018989718	0.760463233026369	0.715771499904196	0.881374142915457	0.422263497246725	0.756177025438763	0.435077553648127	0.690485077548502	0.742892719378922	0.786477318513135	0.518558233675505	0.833028222315152	0.881190537361896	0.706302884407278	0.629152003288849	0.414091266657583	0.723585512069417	0.825811153072598	0.437446369561211	0.838228323854238	0.697651695093899	0.423343946679306	0.660589381927642	0.865758015684625	0.705588373222005	0.879263453706991	0.655551273271855	0.771394783516902	0.365950311093258	0.423558534210223	0.693738109943804	0.703081121195505	0.744518595633496	0.427989223412297	0.709444947156632	0.8539504016148	0.926026411936941	0.921885316207725	0.403246232119071	0.72872380766727	0.632383474929359	0.414962934587293	0.852291158571436	0.72713641941603
"AqFl2-20"	0.600109628031143	0.577645565751366	0.865247223925029	0.703718633702181	0.725312212191953	0.761706179227791	0.67715331502826	0.735362379918224	0.563423549004315	0.695772872858982	0.724000006136565	0.739991465083402	0.595863182352758	0.591360034591332	0.664394783627089	0.816015506058018	0.710817803302439	0.72628307416558	0.64063911530309	0	0.620580185926583	0.570991403499534	0.696874712681769	0.704754572771318	0.672089086646082	0.501293237378336	0.689910408013429	0.806551643663797	0.738921099553855	0.740494070451354	0.645855604297836	0.534763907939079	0.685196780910019	0.546200528182463	0.656914521241568	0.649585627376734	0.629935782325096	0.64619620266331	0.754767216865435	0.709163583031564	0.666068242214954	0.701840379590019	0.472050049957187	0.654982624730347	0.673406214297928	0.693125339651135	0.736080131923007	0.657278065770249	0.552969202844332	0.717435349819493	0.709322640920971	0.743675104956043	0.674158357585587	0.605073565237704	0.668729158959783	0.692116533333283	0.564305692207409	0.759201666047662	0.574121027073383	0.650501298017745	0.740459908162168	0.696762518097389	0.895692281135112	0.81794218713241	0.673371053780156	0.557279227967852	0.52431600469434	0.678564239580073	0.720268184224125	0.67931145433442
"AqFl2-21"	0.763774108943567	0.608225845158435	0.927304486734997	0.835271471548586	0.840787671616797	0.78469117015134	0.766574744975085	0.801516895546354	0.673232600575315	0.784462202453136	0.783225632379196	0.824686262681773	0.60701026859818	0.664371837534297	0.786284778553831	0.820704987196996	0.795524917596328	0.850916450103852	0.782350579069363	0.620580185926583	0	0.648368153157389	0.741926451675604	0.805766109673666	0.770717102529758	0.508645868122261	0.774028743796398	0.824704833572039	0.838377183856014	0.797798926311811	0.770736711709361	0.587490327551412	0.808984993022974	0.645760407364868	0.83186858983672	0.759018981710942	0.765416885594823	0.58649111424523	0.753365392060754	0.814684086516782	0.787497767159219	0.789896755914445	0.52670216215427	0.587913688125402	0.796876779465502	0.770999565682522	0.855343487551289	0.790062258003232	0.702260349616759	0.766747005420176	0.823552721016521	0.732767577682437	0.793213199311053	0.673312119234232	0.798399356314926	0.775767459941764	0.688093938564892	0.853499122157771	0.651498981002662	0.755807110277187	0.83625643551073	0.752631832791296	0.851588103990797	0.818303669529469	0.795895629114422	0.633377323944744	0.632458207081419	0.785220777899168	0.796926422945047	0.791091635963007
"AqFl2-22"	0.574720349103715	0.714641261369132	0.965191921066763	0.776884430155814	0.749174369619917	0.865225268318971	0.505785787208287	0.877391697968234	0.732240956025845	0.527182985747166	0.803034069053781	0.735441262748217	0.684661227362048	0.544345200475734	0.792841088453503	0.912770261178624	0.812151045820521	0.760284494779973	0.592160928066571	0.570991403499534	0.648368153157389	0	0.837993421211533	0.721978495634531	0.560719912369571	0.697389960310082	0.835452933899375	0.752640995383144	0.784764051902624	0.866101724722922	0.568537781812837	0.625728269801965	0.569250540529914	0.591779477819523	0.775744155257422	0.725229618840223	0.603441687427251	0.796971095818399	0.857026082946867	0.762473685483219	0.678475527152876	0.611275990339174	0.659171564241998	0.767111595476226	0.537473825976297	0.837825969503407	0.774414551084342	0.595694403545044	0.626593725324414	0.849161700217188	0.759510778774508	0.873450898378716	0.734346679131755	0.761794885310955	0.60024081943385	0.548369217389018	0.683724769431651	0.750057694402029	0.696939044461875	0.540358859926528	0.762239106041395	0.842262402958668	0.87592808595466	0.889936754936542	0.574009115795051	0.669961512908419	0.588109114744395	0.583625873234361	0.854046781884254	0.7423495247802
"AqFl2-23"	0.832942738152516	0.610879973099547	0.562039780921243	0.692642900799544	0.781024614775009	0.506641219225977	0.898305254622572	0.50021531412837	0.620375424937654	0.897931318175531	0.375604797725892	0.806868596802794	0.498346184363842	0.798844085100523	0.471048228059234	0.499160120348709	0.517247337313039	0.826982151453038	0.863653180042385	0.696874712681769	0.741926451675604	0.837993421211533	0	0.754335802114875	0.898097624381219	0.578924453930474	0.490898535405405	0.898152513790522	0.80041959005178	0.296156757142874	0.863910533725373	0.637462348490605	0.863847721192623	0.622477354171313	0.667896053659464	0.543046535817594	0.834502152398051	0.568212829686582	0.416033480161641	0.750846482232213	0.873415206900993	0.906585056519878	0.539959407010189	0.546043037282142	0.868491425913283	0.478559290585341	0.836833874420682	0.887959839410603	0.60941592749363	0.454232931593372	0.764213566672534	0.42718008219233	0.776345037548416	0.536903646529107	0.878160674689549	0.896908091795708	0.651900037904135	0.826474986227905	0.609907425397036	0.900794451013575	0.809777662985028	0.40122635609868	0.816140347726341	0.658647360424581	0.892148418818513	0.633137076157206	0.723682882958264	0.874853107439425	0.521524828964785	0.719266394432953
"AqFl2-24"	0.709552629984519	0.762716842899678	0.911245624101757	0.618587666734007	0.53672715972029	0.814052609861814	0.761080167959958	0.82901431794643	0.775290503774948	0.763118939586031	0.708980087303707	0.613991140498675	0.6946549897622	0.689247783726682	0.643748575697685	0.853779245753529	0.73959273958562	0.567219259406305	0.724850410314659	0.704754572771318	0.805766109673666	0.721978495634531	0.754335802114875	0	0.761456152052238	0.722742628460397	0.773267795796132	0.586667289806923	0.582655847983312	0.798762827732155	0.739487447840381	0.72458530251516	0.727970445543373	0.721875978793281	0.567902663938055	0.638776449355784	0.76672640656371	0.808837886783603	0.809369921774005	0.620053082858801	0.667504876609891	0.775794888071614	0.737179678551167	0.814767773239431	0.756042706814392	0.763056645643668	0.635306789186887	0.743597706703604	0.6287655145945	0.778381967558022	0.574585691681903	0.786683944514022	0.633129272559154	0.779475057323467	0.73489132670994	0.749549137414351	0.684122364787917	0.566039803152932	0.728540861650758	0.765404991826728	0.598903146396049	0.742362800933804	0.866491297465803	0.875252530113347	0.767848364001656	0.785220205973118	0.686070390597636	0.76014078651675	0.820058068637043	0.568080552548561
"AqFl2-25"	0.46586339711255	0.79511209799101	0.976688874241519	0.779101951963465	0.705724744700344	0.890832541338365	0.463615984866577	0.918229408895374	0.794160355504009	0.444474627676021	0.866076948491126	0.773183318555784	0.787816965501779	0.59686774982613	0.828990882736402	0.937133728230101	0.862396612586545	0.742925610213	0.46453995851389	0.672089086646082	0.770717102529758	0.560719912369571	0.898097624381219	0.761456152052238	0	0.77206634468595	0.849961376279143	0.764542170379974	0.76685825530324	0.905951230736313	0.449287697358568	0.762015515317199	0.476239465590106	0.722932391169712	0.791468395173197	0.806050338259924	0.533940947407259	0.860496515737994	0.914358403619944	0.749235122377383	0.637406441893207	0.438123866130958	0.747860926677778	0.847130634010207	0.480507252419765	0.883882723613505	0.732543502281356	0.49559240270831	0.693417913751389	0.893050256607443	0.756795383014993	0.903606643832657	0.718719765915192	0.798736114059184	0.456794042311957	0.433683742409788	0.750433815555637	0.748918718737966	0.782273507254192	0.485473185114862	0.740035928387759	0.881506512695034	0.925328216485379	0.931944150900054	0.505455022948498	0.75683696534132	0.667576753070962	0.458575738458157	0.895127283349333	0.751760926379036
"AqFl2-26"	0.725934135931368	0.45012891658905	0.837415041599312	0.699241175795087	0.769227087405547	0.637868237647321	0.771287106011116	0.656486270166165	0.541092948191939	0.786117031212207	0.583482621713982	0.76150094452477	0.440224099123007	0.597540561112263	0.644331693232088	0.739550537265251	0.653211052670314	0.756134416285225	0.752777054184829	0.501293237378336	0.508645868122261	0.697389960310082	0.578924453930474	0.722742628460397	0.77206634468595	0	0.664239891352884	0.820577823183219	0.769783209089595	0.639621096063143	0.747321190946246	0.423226678596087	0.786135452247182	0.551677201234788	0.696335990853793	0.634029545063056	0.724129450225261	0.51704536381825	0.653685110680522	0.719950402118885	0.762272062097287	0.794227246435269	0.375128682054075	0.524035405020283	0.777994246923883	0.622301814108184	0.776737342335746	0.764633705142534	0.591403865673959	0.609226650455363	0.724984953762426	0.606685623283211	0.705089191587436	0.518909307525987	0.774362467655653	0.783534874767935	0.562627735381286	0.767947606812247	0.504496460235114	0.761127949891587	0.754844586806204	0.542864121570566	0.871265314984098	0.76244123747641	0.780801990865694	0.521120047425495	0.54405590403716	0.770850410573954	0.648324278540452	0.678676620024326
"AqFl2-27"	0.819740199266505	0.651829207298827	0.732286211347497	0.715539549660594	0.746389761721957	0.509207922823346	0.874898039459137	0.605258863906184	0.546029580690325	0.864357870510258	0.595115827751738	0.790894562788524	0.611192783553004	0.794227255810262	0.5575714851112	0.578961668654421	0.57530541127493	0.818088267958282	0.81628018989718	0.689910408013429	0.774028743796398	0.835452933899375	0.490898535405405	0.773267795796132	0.849961376279143	0.664239891352884	0	0.86936515200513	0.800474928403577	0.541708655056702	0.823408758120623	0.688045490347563	0.819690551300503	0.678414312028689	0.701518677806569	0.60138548691286	0.814412000113992	0.685044985228726	0.636457575131324	0.751466123418804	0.813262729751819	0.858930385475837	0.61356174220556	0.631605145862837	0.845983942799723	0.546044618790238	0.814689896942264	0.841510531732387	0.612725010824455	0.543350233354586	0.727215072514588	0.607151089431291	0.748784422673174	0.53988694513901	0.829899756737561	0.857531742649616	0.628889165442413	0.770995245231087	0.666299922903585	0.863416214465776	0.778322202125427	0.638716156472897	0.894474654801717	0.78910535199453	0.851945676566706	0.7013045876793	0.690717555576267	0.850830432742101	0.517492977720395	0.733390982050763
"AqFl2-28"	0.753304631143474	0.854094438673373	0.965525448769083	0.638853364835426	0.60880350444667	0.922544964685778	0.753336451488377	0.920377124083153	0.875916376019578	0.776205758477698	0.859557073856897	0.642788599590795	0.814932543090595	0.753080432621433	0.746039361505012	0.944392410772086	0.87425408418888	0.562636463234443	0.760463233026369	0.806551643663797	0.824704833572039	0.752640995383144	0.898152513790522	0.586667289806923	0.764542170379974	0.820577823183219	0.86936515200513	0	0.614235877317347	0.932381320056037	0.779108403794244	0.824082588219879	0.745732226391813	0.820679001960339	0.694959603399766	0.793533898457087	0.779320565674902	0.863766835201184	0.90151954593128	0.677737845798361	0.667946007140596	0.768223555316732	0.839925689301115	0.890109554627101	0.783244977938168	0.860081999749459	0.637659016579377	0.74989785039265	0.748096934473119	0.914075939240134	0.645749209250364	0.890613240715885	0.652615859364351	0.87491040090236	0.769193311901632	0.750187650473187	0.801996783810492	0.569757258280785	0.790137260862977	0.781017003995434	0.619236527947621	0.894289874518784	0.878939591893943	0.919333995918653	0.775004739414577	0.823045970664575	0.772906229741248	0.775708446178048	0.882336553836903	0.651537996640028
"AqFl2-29"	0.701679723589925	0.798967012713378	0.856981657071104	0.581145362660979	0.569420832615592	0.834334735425041	0.755641275525867	0.786924193006645	0.764295176777745	0.757130793165072	0.808230575955415	0.626585844070208	0.772565728042334	0.752756338325748	0.661764113372944	0.877990025416961	0.801930950858221	0.571699304066749	0.715771499904196	0.738921099553855	0.838377183856014	0.784764051902624	0.80041959005178	0.582655847983312	0.76685825530324	0.769783209089595	0.800474928403577	0.614235877317347	0	0.82508849142801	0.756815250064027	0.777120659782937	0.697027494159228	0.770067677304722	0.524673242145115	0.716583907870457	0.679179497717178	0.77560376995376	0.830775411050568	0.543478027185525	0.616685514569904	0.756179183195616	0.749836636136609	0.817352486686623	0.742480617338723	0.773347687688167	0.577262512587223	0.713168750925633	0.714049951011071	0.854968222624706	0.618991887743692	0.823599689692186	0.520028354788489	0.779715388563233	0.740365213229292	0.74467960906791	0.735520207557424	0.607877838145215	0.72393418666724	0.787315155971285	0.5878289467882	0.831011503671637	0.923856145600823	0.864156971059209	0.729004414400261	0.725994939035258	0.72989454077217	0.744906466744985	0.76594147427272	0.562705265041613
"AqFl2-30"	0.859715426402694	0.648817796366719	0.584512911131252	0.713631567047668	0.813467605649123	0.462769263132305	0.910898251614809	0.436136493643669	0.652036196163965	0.914775164044839	0.419741653130642	0.846512601362796	0.530778669125795	0.82246528746226	0.547674109176651	0.541670214279441	0.581041765400649	0.861761279555746	0.881374142915457	0.740494070451354	0.797798926311811	0.866101724722922	0.296156757142874	0.798762827732155	0.905951230736313	0.639621096063143	0.541708655056702	0.932381320056037	0.82508849142801	0	0.887152934575911	0.672770903658523	0.879519596440423	0.665216346049787	0.724389538828247	0.558215569812643	0.856639426521682	0.631919650101194	0.464797871473061	0.777731364764745	0.895626006715109	0.922742073699347	0.612378640298391	0.469826729713044	0.884812963317017	0.576803879889387	0.861758895054471	0.906154342807893	0.652661458181094	0.476115898800169	0.803785161472273	0.448415547702507	0.810572769938668	0.570348248570643	0.889264526519953	0.913828112879068	0.651062763933615	0.853722725597009	0.66094089299868	0.922800500873107	0.835034479259668	0.469481709278545	0.874739796482869	0.73194935647596	0.904528944442552	0.679184783773113	0.739291757915041	0.88622540309855	0.52362649760096	0.75221102346545
"AqFl2-31"	0.462001572721904	0.776891265676047	0.945209956897741	0.7677658677865	0.700058914199204	0.86986671943031	0.484977463907262	0.889278193235146	0.753000206493199	0.433819581813547	0.838335904661521	0.780630686385314	0.762874832335889	0.602842991940387	0.800298002137007	0.906849800548203	0.831413081030356	0.734455350152811	0.422263497246725	0.645855604297836	0.770736711709361	0.568537781812837	0.863910533725373	0.739487447840381	0.449287697358568	0.747321190946246	0.823408758120623	0.779108403794244	0.756815250064027	0.887152934575911	0	0.724712749135444	0.42731535632089	0.709524417225479	0.776723550470286	0.800523808502831	0.498126273008743	0.835112078806906	0.88445676194373	0.727021902890489	0.651700189917322	0.460048271036719	0.712349422258207	0.825179499175542	0.417687437656855	0.844755600051292	0.709666405267536	0.469206909871757	0.670541013263871	0.865744488121025	0.734201235818284	0.880007165563614	0.706488384183578	0.771372169971873	0.448646201034806	0.454403811174165	0.735200615119337	0.738970961088597	0.751876554452438	0.478176557801996	0.724624477874748	0.852057706169441	0.926018735842823	0.926892504539904	0.439811516041887	0.743791030879488	0.641944558772791	0.42360472334641	0.856178715455236	0.742139166109239
