""	"AqFl2-01"	"AqFl2-02"	"AqFl2-03"	"AqFl2-04"	"AqFl2-05"	"AqFl2-06"	"AqFl2-07"	"AqFl2-08"	"AqFl2-09"	"AqFl2-10"	"AqFl2-11"	"AqFl2-12"	"AqFl2-13"	"AqFl2-14"	"AqFl2-15"	"AqFl2-16"	"AqFl2-17"	"AqFl2-18"	"AqFl2-19"	"AqFl2-20"	"AqFl2-21"	"AqFl2-22"	"AqFl2-23"	"AqFl2-24"	"AqFl2-25"	"AqFl2-26"	"AqFl2-27"	"AqFl2-28"	"AqFl2-29"	"AqFl2-30"	"AqFl2-31"	"AqFl2-32"	"AqFl2-33"	"AqFl2-34"	"AqFl2-35"	"AqFl2-36"	"AqFl2-37"	"AqFl2-38"	"AqFl2-39"	"AqFl2-40"	"AqFl2-41"	"AqFl2-42"	"AqFl2-43"	"AqFl2-44"	"AqFl2-45"	"AqFl2-46"	"AqFl2-47"	"AqFl2-48"	"AqFl2-49"	"AqFl2-50"	"AqFl2-51"	"AqFl2-52"	"AqFl2-53"	"AqFl2-54"	"AqFl2-55"	"AqFl2-56"	"AqFl2-57"	"AqFl2-58"	"AqFl2-59"	"AqFl2-60"	"AqFl2-61"	"AqFl2-62"	"AqFl2-63"	"AqFl2-64"	"AqFl2-65"	"AqFl2-66"	"AqFl2-67"	"AqFl2-68"	"AqFl2-69"	"AqFl2-70"	"AqFl2-71"	"AqFl2-72"
"AqFl2-01"	0	31.5821661892141	39.3657956291822	40.711156082624	38.3130428860734	45.0211593585097	42.659419919658	40.6955022815125	30.217128110496	13.62533548463	43.9908710581551	33.150769018724	44.335058835547	34.0276344577413	40.2906746639408	49.795615629558	42.2810557845392	36.4448089905629	11.3972860637083	30.6748433635448	42.9068315244205	36.2850229814212	43.6274738393401	45.8064951351092	30.7827326196445	36.3532877120326	38.2477651121092	34.22503902292	39.9376196782383	36.2761138890218	12.1025599299854	32.4268684083738	22.5044338821215	36.3159580613938	41.4635096732942	37.4249880151496	28.6565831162987	40.0233239752014	45.4898021877829	35.9849705542531	30.5851848532015	28.0262226124505	15.1787458926697	36.3228510806944	40.9478617673888	25.7907614639819	36.9307401528006	35.481733596548	21.3449729828629	28.0893039780016	39.4259341618462	36.7996717648198	40.901394051779	36.363119857423	36.9522782910813	15.9167110753221	17.4643833211203	29.6585833247204	32.6138576018687	30.4600328055933	37.3092617823866	21.6549991774016	33.4608065600801	38.40732309635	45.9646927899982	41.4215836848479	27.7111902742688	41.6402344799708	28.5998427303583	16.7700918374599	39.2289275812951	39.5316670499963
"AqFl2-02"	31.5821661892141	0	37.4568921654045	50.5122536509278	29.1903394980517	26.9978851299994	49.5397051749358	35.2917570625063	18.3541249668726	35.7315015166217	24.8826976388082	32.121906308063	34.6647847248594	38.574582705436	37.1878481039632	35.2755470623073	28.961730327541	44.7131525890468	30.2146030088556	17.5135609839834	35.907665860183	43.1351345350155	24.1739860793022	37.4414692026185	39.0291738937467	17.9823684954925	27.9690952360478	35.6159681077037	46.0401085212239	30.5527151527924	28.7828709348787	15.5361995233477	29.7581266102096	26.881021930617	41.7610038281113	25.9256364652433	43.1929363724312	40.4004740264849	28.1233489697306	37.1167668602085	21.4793454854759	34.6233953049247	27.8943439945257	18.8713786672154	31.2699735669746	33.3928709367232	39.117128807447	39.7706743759849	44.3299227003884	29.3588785811796	21.8081937236503	34.2218236433335	28.7479114812409	34.221843813418	21.2195333076603	31.1271068081441	37.5174563047692	21.6403845575397	42.4224805190644	34.0901927059143	36.1928316406756	34.2553179193427	29.7766567050996	19.107817401227	42.0931030060516	40.972444794823	42.3507470693548	44.0350041576522	19.1385096303328	36.256599577445	38.0481354983243	40.0315615993627
"AqFl2-03"	39.3657956291822	37.4568921654045	0	40.3015304646773	39.3274552759552	28.0089839971113	44.0621290315094	11.962929673402	25.4952088523224	40.3493685992725	27.8422394781415	41.5309531943477	31.0767120826137	37.5051391010449	33.1375082638018	27.2294290347698	26.6115896162947	39.3062879557326	38.6124630165269	38.6976252177406	40.3267068258401	40.1435559755044	29.0933538180615	46.2121150942381	38.4154731194274	36.8113314175824	17.6669023097561	31.317016646461	32.6554038115226	14.2797222145486	39.4217510055845	40.9969382272463	26.4222202364117	26.3313579759905	43.134509006776	25.7150087715843	32.6230334938293	17.4504234558863	25.3192925482402	36.2579768056158	31.397174591471	43.0896323958089	37.6552778357033	38.027325159746	18.0714549272488	32.2706498573198	26.8586184588499	34.8670852330174	37.4445483000454	17.2002894362893	38.7466994819552	43.7050713694303	17.2649794907539	34.3731790580162	33.9168496418769	37.5926304081938	37.4053177796607	26.7055275779966	37.6803194434009	16.2205658744712	25.1355819095501	36.6936695200139	40.3856619087278	33.5743890776961	35.6593187406898	32.063636358478	36.201374380384	27.9915587378007	34.1769280325259	36.2063072718427	12.1708850715907	41.8620875030238
"AqFl2-04"	40.711156082624	50.5122536509278	40.3015304646773	0	36.8903061065967	52.1503016974994	70.273426045028	48.8056226039396	45.0685599772107	42.2323739687269	54.832628916483	31.6626785215151	59.22747002134	57.4448684810468	37.6878884908772	59.457383982587	55.274091048734	31.3215111863439	41.5456536897445	52.7353303724605	66.040474638584	61.4770929456792	50.9279252567483	40.8016795318131	60.8495335579277	57.9043320661241	47.8315020438135	48.1248858487967	18.7919097324843	34.8527185666739	42.6845145301322	50.3580562889295	44.3436332936027	50.8810060083506	32.6156795602301	43.683431786824	41.6102933257657	47.8329911684436	55.2083288359768	20.3844433523354	40.0089153082296	32.1371359514682	46.7848639997811	55.2669811206608	52.0343616383542	53.7179922089726	42.3921040275855	38.2047713316037	34.3987105105841	31.8004697834948	51.1504442091382	34.6692720166991	45.9918413566407	26.3774052221665	45.5060532942289	47.5508950503769	45.6645221559178	44.3347502679244	21.5200049031952	31.1741116424154	52.6535759497424	42.3336483158128	33.4072587058676	49.8371031487474	61.9656873945455	53.0006974522064	51.4416351154742	54.0933268744953	50.8747887041362	46.1888690071577	42.8594170884543	30.8951994940281
"AqFl2-05"	38.3130428860734	29.1903394980517	39.3274552759552	36.8903061065967	0	32.2540127073185	63.8308644426468	43.2555352682317	30.1615865551302	42.2342897037395	33.38843691842	20.9514189798226	47.9663508702238	51.5497601626231	35.1383370957272	45.2621364836748	40.0137522831998	39.9002702493521	36.4320618554345	32.7738495330382	52.6317849349803	56.867917886075	30.0853563243416	28.9814935649604	53.087912345638	35.4782965828562	34.0386782650872	40.9020031464367	34.5679034571183	28.8409966874617	35.8378233057302	27.0589918315681	37.7900105693672	36.9933938487511	33.5517554073177	29.5544253270114	48.9800671306497	47.825795180388	36.154999526574	22.1603151337958	21.6407062969264	26.543402958506	38.4141068676615	33.3287419850211	40.4476206291972	45.9683302972526	42.8605701077071	39.2816225366332	46.2452452685428	30.1302039188047	27.2133866593507	24.6603505741271	32.4341259170464	22.0752637856635	24.2484689973173	40.5618504740212	45.0761555341291	29.5715493953377	33.1103354368251	33.3165946106057	48.1428694121361	41.4736241675283	17.9186612021447	24.9863059292956	53.5326084703307	49.1068908531275	52.9543572304389	54.6315202746071	33.5501883368132	44.009091919817	42.4784136580202	32.1581576384391
"AqFl2-06"	45.0211593585097	26.9978851299994	28.0089839971113	52.1503016974994	32.2540127073185	0	54.1329226497625	27.1617783106796	21.1369260492006	48.1790713039851	10.4125452550099	40.1692945229526	30.2880794438314	44.5612537910752	36.4459007248196	22.043453397179	22.5009391238052	50.6340981571922	42.4555167293596	27.799846202337	40.0474243070429	49.3780185485338	10.3608143583574	39.0369548020446	46.284607313197	24.6084826283882	18.3711478353472	41.1248985467243	45.4368272555814	20.9228188872995	41.7010938392885	27.7082334968191	32.282844965479	20.2663133692725	45.0697491444297	20.6754029154289	47.251268884542	35.1302045538722	11.1374199035783	39.0991914272271	25.9593990767687	44.0907347551764	40.2105502936579	23.2112823521662	21.1149732079478	38.4946627469832	39.807128520188	45.4630277198274	52.2670900938877	30.286180338127	23.1062097679663	41.5898420863603	14.5101659072753	34.5339422986866	19.8348050994989	42.4426147241702	47.5277995849262	25.6137456892617	48.8247435903988	33.6359121617107	36.7770448656816	45.196101514687	37.0040832567121	17.7642064892264	43.1533005005518	42.5776613870188	49.5580495385297	42.0448870756353	27.5695363036229	45.6624235859426	31.8440175531789	44.1531900778335
"AqFl2-07"	42.659419919658	49.5397051749358	44.0621290315094	70.273426045028	63.8308644426468	54.1329226497625	0	38.1600107403604	44.5980149198045	42.155295694447	49.3689472885236	63.3997702496709	46.30909667532	36.5053022838385	62.2131408758246	49.5855969724857	44.3542971823692	60.4765665690509	42.4669258009904	48.5631074957763	38.4966825320584	31.2836969820211	55.4342648916743	74.4394455660919	15.9908858424613	43.2322588314991	41.2977023250272	35.141015249029	64.4204310531298	51.6968792502085	43.6226675108862	54.6354061735932	36.1110850152454	44.3107264747207	71.0244702066676	53.1543377119328	45.4008476477588	40.5912235840003	48.5156497841757	65.9301772502708	52.0899158018172	60.7728987603328	38.63555654978	50.6293916678232	40.1111486991518	25.7250070681153	47.9314443598817	52.4963778795604	46.7602127596661	44.9676917635694	57.0696348314136	66.4363276620853	47.8157193663627	65.1276476936506	56.8542904908866	34.8508723141505	34.0432433926888	43.2207941467076	59.5448137160714	44.399240549974	35.6169684163659	43.6064692239599	62.4138721736817	53.351725672129	38.7352870859276	43.6899643982554	33.8213273271595	41.398425040894	43.363084886434	32.1907022605601	42.872524013257	68.9594412103306
"AqFl2-08"	40.6955022815125	35.2917570625063	11.962929673402	48.8056226039396	43.2555352682317	27.1617783106796	38.1600107403604	0	24.1822881281974	41.7203695550785	25.7568945196748	46.0625835300514	26.8948897060103	34.5278032091413	37.2344705827956	23.5604263522711	23.0114725453159	43.8032756567457	39.8569225501021	37.0424030497135	34.7177026304413	36.3168986253613	28.9701180765267	50.3476302584572	34.0708676873639	32.9158206484888	16.6360960966867	30.5315462379356	40.45692566945	20.9253497334629	40.5252866896517	40.649275685966	26.7054023333966	24.600344900289	48.3792364829488	27.3772166258247	34.8094586235087	17.1187429225352	22.9597069241402	43.1125543876275	33.6977851112422	46.9267466710373	37.3475929098189	35.9441220740609	14.3779146069083	29.4158620242444	28.9435530637442	37.5652886655051	41.1203110678973	22.2460362265289	38.4172700021056	47.9771693134172	18.3544342366893	40.3522488677177	35.7017536762036	37.1829855850887	37.5370881346088	26.4803417475404	43.7264501737952	22.1105789276589	21.1375994858991	37.5899877063579	44.5941333268386	33.4981202499683	31.4263212527654	30.6181413802352	35.1685084070664	25.7047264765237	32.3993735504971	36.3528469951297	14.8844958784784	47.1630435094331
"AqFl2-09"	30.217128110496	18.3541249668726	25.4952088523224	45.0685599772107	30.1615865551302	21.1369260492006	44.5980149198045	24.1822881281974	0	33.1552947301908	20.3688426946152	33.1013230831079	25.4060629600639	32.3208010126006	30.7465732257345	26.6363189750679	21.7946970837676	39.6812647820876	28.4748993023394	18.6946826991815	31.6889973271648	37.082496174736	19.4284793906603	36.4802158847276	34.9449947289153	19.9401877159348	19.3615714580947	31.8647580407734	38.7903624080891	20.1100346204816	27.8051456606648	20.5381007663311	21.7952058445005	18.9115777880649	38.2118552297089	18.7559670973657	33.9744986631436	27.6387420736287	21.659964079213	33.8637512508387	20.5414829755749	33.9157506327991	25.9945319415182	18.9909855198226	21.2358701703869	27.5068257604926	30.6985019716695	34.4404565459729	37.8819467415339	20.659848359698	23.8189174262282	35.0475403526269	19.8059962709485	29.6710431560239	20.2447006648909	28.729951883924	33.2579408953281	18.0975551420057	39.0597981381242	25.2332626029717	26.2256299869624	30.0810909261652	31.2631628576908	19.7978533054072	36.3339943024431	33.8662424496485	35.547542345458	32.8028062177846	16.6838830362241	31.9027465770139	26.4552025490853	37.0260153503662
"AqFl2-10"	13.62533548463	35.7315015166217	40.3493685992725	42.2323739687269	42.2342897037395	48.1790713039851	42.155295694447	41.7203695550785	33.1552947301908	0	46.8000977154222	34.9370690130006	43.6305249958453	29.5892094030177	39.0660120275655	50.4709573809135	42.526357019542	33.4865040938765	14.2815072548003	35.2303150980722	40.7034422858394	31.7613433794101	46.711052832818	46.8376637076588	30.9828701955061	40.2496406612347	40.5205033681579	33.58659868139	40.285138088519	38.4335523311277	16.1413133871956	36.1957945451292	25.3751666697159	40.4291647612633	40.7122018660707	37.8775156981451	26.1087659924473	39.755319509835	48.3530608198405	38.7755795230104	32.1978614752522	29.867223428122	16.7313217310601	41.1107422344485	43.6547824462995	27.3753026454003	33.4612046935639	32.1585883776335	19.5780826495096	29.0546788729772	41.1509789095709	37.5812707601373	44.044636497567	39.4098926282635	40.9854541280214	16.5706340046573	14.4494621183361	30.4478286318064	32.7537146553539	30.850358058716	35.7902253019964	17.0405881445229	35.6486297999822	40.9642423852585	42.5651824201539	37.4761983206205	23.6732839904142	39.7715485135047	31.1247662778619	16.7092059692346	38.446125432154	39.1201077802067
"AqFl2-11"	43.9908710581551	24.8826976388082	27.8422394781415	54.832628916483	33.38843691842	10.4125452550099	49.3689472885236	25.7568945196748	20.3688426946152	46.8000977154222	0	40.8143327605765	28.0937993762473	41.2465174642592	37.6202830852609	19.7324756268235	18.9618697322821	50.7168108622855	41.4241870681827	26.6759695629911	35.1897999210861	45.5938251306334	10.5879807691131	41.4950326430139	41.8198354893948	19.9846915168323	15.1490720866769	37.0373381238616	47.5727190728683	22.9106117805205	40.5086021511453	26.7702538777543	31.3414072399195	21.0961969483517	46.9620757986837	20.405410043739	47.1927554790484	34.3311407167283	6.60868645318897	41.7637865278846	24.6307520363227	44.7415293242267	38.0697711820257	22.0503908091853	18.9525314968918	35.4384734067374	38.2015038822971	44.0708600611476	52.1639284790562	29.6739488791037	22.699801551818	42.1579921591744	14.253514706434	37.7124889624539	21.517057836025	39.9507871605037	45.4917003638512	22.9638587537361	48.9940339825748	32.8358432714201	33.6244164992413	43.3555989504125	37.4052176909462	14.9860853330325	38.175302295388	39.2434172596757	47.2276626344031	41.0545687633836	25.2065854348864	43.4188482610104	30.597736868965	45.8625951967924
"AqFl2-12"	33.150769018724	32.121906308063	41.5309531943477	31.6626785215151	20.9514189798226	40.1692945229526	63.3997702496709	46.0625835300514	33.1013230831079	34.9370690130006	40.8143327605765	0	49.4196084069944	47.0768860190126	30.7827739448608	49.6373424047031	42.0588679951739	29.9788863973496	32.013700584352	36.8514119521319	50.9619599275643	52.3878346771873	37.5953922758403	27.40745524835	52.1748625786517	40.6076100352122	38.7475791011139	38.2494226617712	30.8635973821468	32.3086382398778	31.8204574647035	29.8338752001958	39.1225745817519	43.132012982427	26.2138867665655	30.7123287845294	44.0903765381684	48.367942716874	43.870157301575	20.2657655297944	20.2557432460131	19.4675263885457	35.1550310267145	39.4680196359602	46.189584598918	46.5106816829482	37.1908650518584	31.3551845722154	39.3498981750564	28.0010906472379	29.1767885119004	16.8112455710692	39.4527519416954	23.7991926742051	30.9487727734283	37.3212232303144	39.4521815204019	29.4040403591067	23.3958264843614	30.8033214824085	46.7157982277923	32.8751914877571	12.985143417382	30.0214838912129	50.3293056037982	44.1359100693074	47.8334379864797	53.3811734168744	34.795434385696	40.0130821837638	42.0940560421584	24.7078972788341
"AqFl2-13"	44.335058835547	34.6647847248594	31.0767120826137	59.22747002134	47.9663508702238	30.2880794438314	46.30909667532	26.8948897060103	25.4060629600639	43.6305249958453	28.0937993762473	49.4196084069944	0	24.9444201689302	31.7432031426931	16.9380085472135	19.0848266355016	45.8082261975226	42.5847923298567	33.2446511594312	20.6197038872014	29.8595621991514	27.9735322459681	44.1648786824007	40.2868993003724	32.5058193905547	29.6522865560582	41.1580286766369	49.2777332235786	31.0476034632574	42.4660789366168	36.3432908291157	33.0405188408672	30.1191680804784	44.7308121072097	23.4628241459491	34.3414039764193	24.8683997022689	27.781072530765	50.4403271038825	35.9115803182544	49.087470340762	37.1832603402461	32.4460615343214	26.9625167709017	35.0087078099039	28.4182746177688	38.8061171310059	46.9984781238824	33.192665893516	34.4278009158955	47.7125690146712	30.6804276216313	44.1903481815693	36.1565825995793	40.5196291495987	42.1229029846139	29.564860365005	53.3810578383277	36.6399066762253	20.0179506656613	35.7462998886851	48.0361524667467	32.5107355599817	27.859042971793	26.7958361817008	34.7119002953758	22.26453761543	28.6950404192345	42.8548220056546	26.4915875770776	45.6058666941748
"AqFl2-14"	34.0276344577413	38.574582705436	37.5051391010449	57.4448684810468	51.5497601626231	44.5612537910752	36.5053022838385	34.5278032091413	32.3208010126006	29.5892094030177	41.2465174642592	47.0768860190126	24.9444201689302	0	35.1104844837611	35.5702107549791	29.0900570147771	38.5391626046258	32.9006665061045	38.0717640223083	17.5352797918945	10.2462931295034	42.6055797901658	49.5026064636568	29.9049387452533	38.7407897725368	37.3064204806224	33.8489386622532	48.9150823099143	39.523732717047	33.8201644890814	40.2463929641525	31.4320128607976	40.2679778259455	44.7859081039076	32.2213132917343	26.2648598566956	30.6743344253802	42.2011565471664	51.8556647879357	36.7269974838809	44.6493440628531	27.4152126467032	41.5738794469606	38.4815754949638	29.1823815873712	23.2309339854661	30.9402143862129	35.5696083031235	32.7988830121338	39.5622801195155	45.9569303180244	42.3524214463017	48.617009891695	44.5953196626615	29.3857520090241	27.230106766026	30.1163599884045	47.1190584563375	35.1026948922587	20.4085497286006	20.8709640012189	47.0242922040597	39.8348237795757	21.6852227478292	19.2336018278332	18.5196870755545	24.949234828418	30.7061114676489	30.2288472872219	30.6419913806887	44.9547021589118
"AqFl2-15"	40.2906746639408	37.1878481039632	33.1375082638018	37.6878884908772	35.1383370957272	36.4459007248196	62.2131408758246	37.2344705827956	30.7465732257345	39.0660120275655	37.6202830852609	30.7827739448608	31.7432031426931	35.1104844837611	0	34.3706500098375	31.1664736335225	25.1560939945718	39.103647321199	40.0368674156937	39.8319729328123	41.9889912525908	32.2772897424256	22.3813635417814	52.7525993846237	43.9853043199206	36.5909408316984	42.1398000007209	28.8855456244935	26.2331050733241	39.4424995848412	36.3628444231186	38.5611131138539	41.4320325571772	17.2750150248652	19.2829751394517	31.767208485309	34.5836193431479	39.0450090529154	30.9573135692459	27.8329803046363	33.4696153710111	38.2825524670984	41.0991025106116	40.5274503923015	45.9784150044894	20.9392322896285	24.5982024604244	38.9548066166242	25.8513122051764	31.2547124232578	26.5287970877393	35.9646946175864	26.9169890702181	34.8691617587111	42.6521289214313	41.9819487661458	30.3442384555821	34.1682181090272	29.2094095790982	33.5070518432989	29.5322690308437	31.2262294953482	32.5083804539926	38.4516518745138	28.9021154012982	39.287660891098	36.1768328083866	35.8539057591446	44.4197298633379	29.1123012533715	20.522598292608
"AqFl2-16"	49.795615629558	35.2755470623073	27.2294290347698	59.457383982587	45.2621364836748	22.043453397179	49.5855969724857	23.5604263522711	26.6363189750679	50.4709573809135	19.7324756268235	49.6373424047031	16.9380085472135	35.5702107549791	34.3706500098375	0	14.1624397493047	50.0505635792287	47.8717410053894	36.3792816676779	28.9541022674442	39.6932301179282	20.2751829183043	44.7649388969323	44.1580873803297	32.1185167424648	22.9931071232258	40.6971636219993	49.4990247540394	27.4782855874192	47.4628637929426	38.2605396605384	36.4267464005631	29.3877924413461	47.6741039697736	22.7762188115487	42.6848335265064	26.6083793936131	18.1599669847683	49.5545993432319	35.3458383083455	52.2791232341713	43.1281676013846	32.717589511428	21.7181628423763	38.9822428432182	32.8331220335881	42.1108694187653	53.2998726902121	32.8039664524425	32.8562730856107	48.5716529164171	22.6139673073291	43.9844105313311	34.6248112619708	45.995166355373	48.5514730157031	30.4516482225524	54.0337778318459	35.5513994740348	25.7104548372416	43.2455234335773	47.6274034846812	28.8506824043978	30.5353891590578	31.3240743226529	43.1654251178228	31.1645765525082	33.2854335190369	48.1878609713123	25.6965320589425	47.8706515280335
"AqFl2-17"	42.2810557845392	28.961730327541	26.6115896162947	55.274091048734	40.0137522831998	22.5009391238052	44.3542971823692	23.0114725453159	21.7946970837676	42.526357019542	18.9618697322821	42.0588679951739	19.0848266355016	29.0900570147771	31.1664736335225	14.1624397493047	0	43.2671829461839	40.1931927932347	32.0157650753144	22.896148899398	33.4155850833133	20.9462190661774	41.5476378690699	37.6496311909186	26.5743747350474	19.4647038958889	31.6044988861921	45.6171168838399	26.4241062436114	39.9822683355626	32.2265544815437	32.6972729257766	29.0785877852789	42.9452859957691	18.7752686947605	39.4412172090403	27.1992164478417	20.0482915708828	44.92991909749	27.1515579468721	44.9929676828891	35.6535846580044	30.0064391047603	23.2985491755074	34.0631529874155	26.6649144281878	34.5068958299391	47.437135176267	26.7738573098227	25.4817812659228	41.316580646734	23.3694191078417	40.9606169737038	31.9724085528653	38.1899116224868	40.3175935909544	22.6926325392188	46.3382629303388	29.5548365330359	21.4573113205459	34.6435884936565	40.0902957126543	22.8251856519556	23.1387266617073	24.1438304800274	37.4274809172486	31.7016564770379	27.0685286476026	40.6953767149773	23.87663950494	42.8182085035721
"AqFl2-18"	36.4448089905629	44.7131525890468	39.3062879557326	31.3215111863439	39.9002702493521	50.6340981571922	60.4765665690509	43.8032756567457	39.6812647820876	33.4865040938765	50.7168108622855	29.9788863973496	45.8082261975226	38.5391626046258	25.1560939945718	50.0505635792287	43.2671829461839	0	36.657510147838	48.2959692338156	47.4877712589406	42.8759878207306	47.7904217767759	35.8785619962881	51.6430932249793	51.6164915518488	44.4306837280903	37.7594393456522	25.8727149585445	36.4220793911158	38.2712015767669	45.2934982040669	42.2214863397479	50.7683362406897	23.8237216730552	35.084628103438	31.6916945406024	40.952814870969	52.1272468869192	31.4512477321002	34.297228091457	29.2075557597113	38.8026605759411	51.5753871387471	49.6805025355474	47.7497435743891	24.4118057598534	18.6384158976304	30.9836863172239	27.8522700583341	43.1486219936897	28.4335310384127	46.5232799991299	32.6989869973468	46.5785972324013	40.6479687083496	36.1588397107938	36.5634723147514	22.5761851590912	28.2272441834199	38.269946923456	25.3901879842734	32.4257197208912	44.1501868897361	42.597580456644	32.3787819889091	37.114806392618	42.027345960979	43.0190269954388	40.0280122559331	35.4280753458256	25.1562257429793
"AqFl2-19"	11.3972860637083	30.2146030088556	38.6124630165269	41.5456536897445	36.4320618554345	42.4555167293596	42.4669258009904	39.8569225501021	28.4748993023394	14.2815072548003	41.4241870681827	32.013700584352	42.5847923298567	32.9006665061045	39.103647321199	47.8717410053894	40.1931927932347	36.657510147838	0	28.3918206140708	41.2079844967382	35.7482208682615	41.2140147022238	44.0475845436959	30.3561837872272	33.9752108710632	36.4747474312749	33.560531570151	40.1523672082851	34.8824353350428	11.1078801630109	29.6327440141318	20.7090512727622	34.3827886453728	40.6471782366191	35.1070018752768	29.4561888266929	39.7817212552532	43.1813806432013	35.1674258264231	28.0781737959139	27.2767503611123	13.1298888922864	34.029668718133	39.531406693312	24.3551187108673	36.3291218543454	35.3087618703497	23.286283561758	27.547032217636	36.4827102021923	35.232910024176	39.129439424227	35.2691673633884	34.279497784044	14.0048811418194	17.4884887100769	27.4129171883193	33.3592653549786	30.2329116648694	36.866088810361	21.6538177115611	31.6828799442348	35.4857052985548	44.8457708500987	40.6626604031385	28.4335758422325	41.3859352911252	26.1777209976336	16.8819318251451	38.6298963140572	38.8507517841982
"AqFl2-20"	30.6748433635448	17.5135609839834	38.6976252177406	52.7353303724605	32.7738495330382	27.799846202337	48.5631074957763	37.0424030497135	18.6946826991815	35.2303150980722	26.6759695629911	36.8514119521319	33.2446511594312	38.0717640223083	40.0368674156937	36.3792816676779	32.0157650753144	48.2959692338156	28.3918206140708	0	36.4222456292028	42.64973607041	25.962256216516	40.2123695956154	37.7052474901322	16.8242466392533	29.9834563141704	40.3380764709117	48.6022889091373	31.6362710263641	26.7640892080073	16.1224224785181	25.3116964243659	22.1930927806468	44.6225161144025	28.2308308508979	41.2513006139664	39.9926475505735	29.0913997811991	39.9038061262636	25.906669250844	35.4502334629861	25.9495533727671	13.8358592119628	30.52291519363	30.0532927441185	42.2083666530346	44.4450241103152	43.3053484405379	32.6494251194396	26.0962511515503	39.0987704742306	29.9992214917418	35.5773085947964	20.5001255163592	29.0527838046094	36.6690098733954	24.6309186327621	47.0753497999309	37.4936349145105	37.0617348909908	35.6960559636067	34.6206242195176	23.1750539464235	45.907378655389	44.645946311716	41.7853874257696	42.0281381216343	15.9257829120697	34.4885656887537	39.9865211712059	43.3812688656347
"AqFl2-21"	42.9068315244205	35.907665860183	40.3267068258401	66.040474638584	52.6317849349803	40.0474243070429	38.4966825320584	34.7177026304413	31.6889973271648	40.7034422858394	35.1897999210861	50.9619599275643	20.6197038872014	17.5352797918945	39.8319729328123	28.9541022674442	22.896148899398	47.4877712589406	41.2079844967382	36.4222456292028	0	20.3383492323991	37.9396398705257	51.6178903539671	33.3542027381321	32.5651657447877	34.9692795111168	35.4259301345865	56.5447750870904	41.8001873059503	41.185014738984	38.5942569243749	37.2368263034983	39.0040143685625	50.8598614957044	31.9437873878434	39.1970703019952	34.3851614897981	36.510548429453	57.1017891733605	37.5033601085118	50.6421694942971	34.7994960376846	37.3564539328856	35.9785833346298	33.9583163948951	30.6459057775994	38.0205336039333	48.5293301949648	38.0355392692922	36.1944849947839	49.5210086635247	40.3913371040742	52.9169430645757	43.5207331748738	36.7836752679603	37.8869828394855	30.8468326833878	54.7438783712276	40.6533378303545	22.0949340646759	31.881229285983	50.044645130622	35.7757223780109	18.5030823650034	22.9741812747949	31.8578175575346	30.6717567398961	29.4621120085451	39.5007284951508	34.1981158474412	50.9626808249663
"AqFl2-22"	36.2850229814212	43.1351345350155	40.1435559755044	61.4770929456792	56.867917886075	49.3780185485338	31.2836969820211	36.3168986253613	37.082496174736	31.7613433794101	45.5938251306334	52.3878346771873	29.8595621991514	10.2462931295034	41.9889912525908	39.6932301179282	33.4155850833133	42.8759878207306	35.7482208682615	42.64973607041	20.3383492323991	0	47.9484892763764	56.7369600492267	26.6764214472124	42.1284802159983	40.3414939453832	34.1322461663163	53.2107176785364	44.237870085507	36.8209559969273	45.7901926177264	33.800318218278	43.6544466815134	51.4481448542062	38.7572921273065	28.6397438106417	32.506253520637	46.078626528935	56.9983433608365	42.2196037674082	49.4994037677641	30.3999352602934	46.1750155235133	40.7974963000456	29.1017172124028	27.922328239827	34.8485196082243	37.1082971226774	36.6301208882325	45.693895470633	51.8549908701514	46.0564452478173	54.3818350037148	50.2135625644068	30.9620134113737	27.4856132474194	34.6344558427532	50.4815395405435	37.998967330575	22.163768611303	24.7950500749723	52.4040527691177	45.3607032450232	22.452829488319	22.4594897149805	17.8091588344008	26.698762603086	35.3921599475129	30.5484185847107	33.4367737404387	51.3407917587419
"AqFl2-23"	43.6274738393401	24.1739860793022	29.0933538180615	50.9279252567483	30.0853563243416	10.3608143583574	55.4342648916743	28.9701180765267	19.4284793906603	46.711052832818	10.5879807691131	37.5953922758403	27.9735322459681	42.6055797901658	32.2772897424256	20.2751829183043	20.9462190661774	47.7904217767759	41.2140147022238	25.962256216516	37.9396398705257	47.9484892763764	0	34.058909172515	46.6159896780481	23.9230462322745	20.3984822102391	40.5555444796525	43.8015395355843	20.6892312237268	40.074557464285	25.0227248500563	32.669163664581	22.8932381388475	40.8929512982444	17.3956302023182	45.3350448023552	34.3730923124663	12.6415790141168	37.338056384552	24.1191333732192	41.7650328074299	38.4614653999762	20.903769611028	22.7520832200924	38.8584953073462	37.6392935158818	42.4175979147778	51.0290016755297	28.9785724440473	21.7854444770495	37.8909031316929	15.8221192338305	31.9794872684418	18.9723311846107	41.8420084308838	47.133720700221	24.8744311674955	46.9463265763728	33.0177630273665	34.9184992431889	42.5077737912661	34.5480002048667	15.1976964252334	41.4699471433966	40.151716260181	47.9696337248519	41.2018280123406	26.5381936810672	45.5932464709547	31.5762190968493	40.3314450928693
"AqFl2-24"	45.8064951351092	37.4414692026185	46.2121150942381	40.8016795318131	28.9814935649604	39.0369548020446	74.4394455660919	50.3476302584572	36.4802158847276	46.8376637076588	41.4950326430139	27.40745524835	44.1648786824007	49.5026064636568	22.3813635417814	44.7649388969323	41.5476378690699	35.8785619962881	44.0475845436959	40.2123695956154	51.6178903539671	56.7369600492267	34.058909172515	0	63.3260060535709	46.3896230227831	44.9505487050597	52.1529863009093	36.0618955633184	34.5434523420279	43.2074616422294	33.1178861385585	46.6047964787034	46.5045112932271	17.6953835123077	27.1965974878887	46.338340325025	50.0395046534786	44.3151743697655	28.7681457782485	29.5924876460194	31.7288767607193	44.4117715898087	40.844903193475	49.6518714706038	55.403794936529	39.1308296747347	37.147509245022	49.636467891653	37.0399294213489	29.7625590131018	22.7716777520106	42.4069295073754	24.6654166458942	32.6792211269656	49.586083190368	52.0422926053925	37.2185744665521	39.7028611111472	41.3081288296117	49.2392593945175	40.9816738794533	26.9528596217953	32.2842096292077	53.7166100447018	46.1395213321877	53.7944475914221	52.8311239878005	39.9677111227843	53.2902596325205	45.1369936646413	21.4206157218631
"AqFl2-25"	30.7827326196445	39.0291738937467	38.4154731194274	60.8495335579277	53.087912345638	46.284607313197	15.9908858424613	34.0708676873639	34.9449947289153	30.9828701955061	41.8198354893948	52.1748625786517	40.2868993003724	29.9049387452533	52.7525993846237	44.1580873803297	37.6496311909186	51.6430932249793	30.3561837872272	37.7052474901322	33.3542027381321	26.6764214472124	46.6159896780481	63.3260060535709	0	34.1900637300608	34.4699954044188	28.9092070103831	55.63741466004	43.1691267988431	31.1215305241473	43.31979274971	25.9038637228528	36.2276822567993	60.4300161182722	43.9920072265705	37.3089650077688	35.9121891379641	41.8095786181225	55.322158102609	41.4667799530817	49.3848525029422	26.3777055662495	40.5283811995863	34.4082897093866	16.2736355384818	40.9092510395335	44.1565753173524	37.5973088749538	35.9374747741597	47.1605351887496	55.2612573352804	40.5058840887867	54.451109585906	46.6481569784329	23.2201152849904	24.0823809082149	33.7461320572172	50.0387037001972	36.3977382794592	30.3857775437216	33.4377471829172	51.2056227531285	43.5912368339507	35.5501474115427	38.3666707771785	26.8011281766901	37.3971905568971	33.249928583953	21.7917899007985	37.4135356116796	58.3784576792029
"AqFl2-26"	36.3532877120326	17.9823684954925	36.8113314175824	57.9043320661241	35.4782965828562	24.6084826283882	43.2322588314991	32.9158206484888	19.9401877159348	40.2496406612347	19.9846915168323	40.6076100352122	32.5058193905547	38.7407897725368	43.9853043199206	32.1185167424648	26.5743747350474	51.6164915518488	33.9752108710632	16.8242466392533	32.5651657447877	42.1284802159983	23.9230462322745	46.3896230227831	34.1900637300608	0	23.5623312853372	34.7871487958985	52.3335156536006	32.5812377768516	32.7481920696304	21.1879040509808	28.4978135680272	22.5221100278815	50.69299108989	29.1418587110813	46.86116267112	39.7194404727712	22.8653813492543	44.8367416946064	26.1756881269513	41.3325726699202	30.2821975139894	15.0297342640896	25.9729235737925	29.3524443994514	42.4806600500894	45.499504104058	48.8046007847689	33.2660030127653	25.4222235639105	42.8160778206177	26.4244104840859	41.4431500188607	24.6579658830801	31.5712316223158	38.9959871658787	23.6350797066338	49.290252506755	36.6655771725887	34.4039405766439	39.2498888822096	37.5576904990891	20.0147068673094	40.4529173344172	42.248141662976	43.9453651758705	43.1731693034152	17.0254619858005	36.4880752513621	38.1761831571985	49.1318914848616
"AqFl2-27"	38.2477651121092	27.9690952360478	17.6669023097561	47.8315020438135	34.0386782650872	18.3711478353472	41.2977023250272	16.6360960966867	19.3615714580947	40.5205033681579	15.1490720866769	38.7475791011139	29.6522865560582	37.3064204806224	36.5909408316984	22.9931071232258	19.4647038958889	44.4306837280903	36.4747474312749	29.9834563141704	34.9692795111168	40.3414939453832	20.3984822102391	44.9505487050597	34.4699954044188	23.5623312853372	0	27.7972296873857	40.9405333045886	17.9382197334399	36.4664223885294	31.5331127298108	25.5216447550008	20.7417958956767	46.0007509013549	22.35477701877	40.4648822217309	26.6508756889107	14.4591289136141	38.1921707170854	24.0335474172562	41.6536161127549	34.2007786936908	27.9613961538558	14.0464444525897	29.1753844623533	31.9249655163958	37.9704538058055	43.6627112498884	20.8192629458205	28.3673091103944	41.3303199036768	11.4364277785827	36.1311224857299	26.6161184235637	34.2104830668634	37.6327491553847	19.9034696961848	41.0725634549377	22.0461131670884	27.1421605400347	37.581329431276	36.1409604181854	21.8881896283006	33.6311610039	33.8351526617954	39.9752391117227	35.211798836255	25.8887047758642	35.4577204759122	21.1273428220418	44.2259514459233
"AqFl2-28"	34.22503902292	35.6159681077037	31.317016646461	48.1248858487967	40.9020031464367	41.1248985467243	35.141015249029	30.5315462379356	31.8647580407734	33.58659868139	37.0373381238616	38.2494226617712	41.1580286766369	33.8489386622532	42.1398000007209	40.6971636219993	31.6044988861921	37.7594393456522	33.560531570151	40.3380764709117	35.4259301345865	34.1322461663163	40.5555444796525	52.1529863009093	28.9092070103831	34.7871487958985	27.7972296873857	0	42.0506530911205	34.9010019990961	34.5862414454995	40.938432148157	32.9319215875969	39.1164445164055	48.2417313994835	35.9196879558796	40.1785848982861	34.2543127521043	37.9573149675078	42.7563323944974	30.6237280820871	39.576753986329	32.4469171576291	42.0341232025518	34.1364440186927	31.2036220948022	30.9326678113822	29.0834782918576	38.2761185784328	24.8313533346848	39.1177183216778	40.9397560759593	34.5832857556809	43.8449037865252	41.8109669056263	29.9528374169207	29.2130427612175	26.9613188439491	33.8423892401613	23.7259461841653	28.7194170038052	29.5603561557731	37.3611087381133	35.8664939934756	29.1384564084663	29.6832174258619	34.0034496592858	40.2993611521267	33.9218414770321	29.5087328207906	29.8361741187608	45.9305071650895
"AqFl2-29"	39.9376196782383	46.0401085212239	32.6554038115226	18.7919097324843	34.5679034571183	45.4368272555814	64.4204310531298	40.45692566945	38.7903624080891	40.285138088519	47.5727190728683	30.8635973821468	49.2777332235786	48.9150823099143	28.8855456244935	49.4990247540394	45.6171168838399	25.8727149585445	40.1523672082851	48.6022889091373	56.5447750870904	53.2107176785364	43.8015395355843	36.0618955633184	55.63741466004	52.3335156536006	40.9405333045886	42.0506530911205	0	28.5434500993367	41.2509687526774	46.4754746162005	40.14324837933	45.9929186596189	27.2623899774979	35.355617269409	36.0130789232435	38.9731326755548	47.6930357849855	21.659843199047	35.2529952744435	31.3404842833126	43.3519640939586	50.3426052871973	44.8470786148184	49.0565607806893	33.0320110867011	30.1387729426221	33.7925790627945	25.6427512965025	45.1130365746157	31.4952798789628	39.5027601132957	24.0826655672747	41.8038232629646	44.6562843465813	42.5490283564583	37.6194506980662	22.1798069623499	25.2219215846047	43.2761473223564	36.9114919870104	31.6262365976919	43.7069646000362	51.8854950183905	42.8856709656605	45.0898620283469	45.0971382600993	44.8236553056854	43.2386445174109	33.6498729575398	24.8906990209516
"AqFl2-30"	36.2761138890218	30.5527151527924	14.2797222145486	34.8527185666739	28.8409966874617	20.9228188872995	51.6968792502085	20.9253497334629	20.1100346204816	38.4335523311277	22.9106117805205	32.3086382398778	31.0476034632574	39.523732717047	26.2331050733241	27.4782855874192	26.4241062436114	36.4220793911158	34.8824353350428	31.6362710263641	41.8001873059503	44.237870085507	20.6892312237268	34.5434523420279	43.1691267988431	32.5812377768516	17.9382197334399	34.9010019990961	28.5434500993367	0	35.0513938402386	31.672671113407	25.3998914256743	22.9598469370963	34.2734895479416	17.3921782059177	33.9031669095025	25.1556066192084	22.1706715947613	26.538558097819	22.5618011729375	35.0261289387478	34.7186290709448	30.8673318140957	21.0352855761541	34.6835089320362	28.1230844083421	33.8985130194955	37.5715756952999	15.4521912768303	29.6242846003084	34.3764377157915	14.0646670496971	23.6033851537417	23.1665720537796	36.3308709122016	38.3728359238599	22.2382339358042	34.0753512910599	17.8969405860742	30.5424806308785	35.2898308338052	30.5855423471543	24.7788760726039	40.4356272773622	35.4538208415977	39.9527014100637	33.6026957878184	28.8784568181092	37.0662857172366	19.4672575443057	33.121933221606
"AqFl2-31"	12.1025599299854	28.7828709348787	39.4217510055845	42.6845145301322	35.8378233057302	41.7010938392885	43.6226675108862	40.5252866896517	27.8051456606648	16.1413133871956	40.5086021511453	31.8204574647035	42.4660789366168	33.8201644890814	39.4424995848412	47.4628637929426	39.9822683355626	38.2712015767669	11.1078801630109	26.7640892080073	41.185014738984	36.8209559969273	40.074557464285	43.2074616422294	31.1215305241473	32.7481920696304	36.4664223885294	34.5862414454995	41.2509687526774	35.0513938402386	0	27.8769638428429	21.1739340125007	33.9931966556695	40.761877753812	34.724558566519	31.0320999164135	40.7522086238817	42.4325160980821	35.417536103654	27.4976133612328	27.5273276008094	13.1722466661965	32.3170135877903	39.5217550677302	25.0593775556675	37.5683700305973	36.4206390778102	25.6586945556769	28.5360504924398	35.4253305098001	34.998833160727	38.7758674598596	35.1763276247861	33.0194397004745	15.6922152832246	20.0481511274165	27.5106427966922	34.6508366688844	31.5261189957973	37.6620479685793	22.9231605785347	31.4900175133365	34.2715518904061	45.5204050353133	41.5983905043008	29.9320022984766	42.4601349481353	25.3669580707452	18.4868116316496	39.6321143888126	38.8824968823392
"AqFl2-32"	32.4268684083738	15.5361995233477	40.9969382272463	50.3580562889295	27.0589918315681	27.7082334968191	54.6354061735932	40.649275685966	20.5381007663311	36.1957945451292	26.7702538777543	29.8338752001958	36.3432908291157	40.2463929641525	36.3628444231186	38.2605396605384	32.2265544815437	45.2934982040669	29.6327440141318	16.1224224785181	38.5942569243749	45.7901926177264	25.0227248500563	33.1178861385585	43.31979274971	21.1879040509808	31.5331127298108	40.938432148157	46.4754746162005	31.672671113407	27.8769638428429	0	30.6508366311398	27.983252564576	39.0628657980172	24.9323961589464	44.3827936267023	44.4202369921107	30.7059912035738	35.6823390800334	19.3415507050589	31.5996901858137	28.0049212104274	18.0151755228379	35.6184185802889	36.1644233984932	40.9409972897603	41.942348706837	45.3250027974065	32.3407952689215	18.126124499892	31.9029729967398	31.9036197670643	32.0889614658259	17.5909953366175	31.7913345504285	38.8656316882205	22.763004752861	43.7480689276644	37.4554911991773	40.8763385063074	35.3418580306257	27.2020631061032	17.3255071016904	46.3101883385123	44.1932701703427	45.3080145900916	47.1127213597092	17.9625510195532	37.5436594929644	41.6813485793864	37.9479304857732
