""	"AqFl2-01"	"AqFl2-02"	"AqFl2-03"	"AqFl2-04"	"AqFl2-05"	"AqFl2-06"	"AqFl2-07"	"AqFl2-08"	"AqFl2-09"	"AqFl2-10"	"AqFl2-11"	"AqFl2-12"	"AqFl2-13"	"AqFl2-14"	"AqFl2-15"	"AqFl2-16"	"AqFl2-17"	"AqFl2-18"	"AqFl2-19"	"AqFl2-20"	"AqFl2-21"	"AqFl2-22"	"AqFl2-23"	"AqFl2-24"	"AqFl2-25"	"AqFl2-26"	"AqFl2-27"	"AqFl2-28"	"AqFl2-29"	"AqFl2-30"	"AqFl2-31"	"AqFl2-32"	"AqFl2-33"	"AqFl2-34"	"AqFl2-35"	"AqFl2-36"	"AqFl2-37"	"AqFl2-38"	"AqFl2-39"	"AqFl2-40"	"AqFl2-42"	"AqFl2-43"	"AqFl2-44"	"AqFl2-45"	"AqFl2-46"	"AqFl2-47"	"AqFl2-48"	"AqFl2-49"	"AqFl2-50"	"AqFl2-51"	"AqFl2-52"	"AqFl2-53"	"AqFl2-54"	"AqFl2-55"	"AqFl2-56"	"AqFl2-57"	"AqFl2-58"	"AqFl2-59"	"AqFl2-61"	"AqFl2-62"	"AqFl2-63"	"AqFl2-64"	"AqFl2-65"	"AqFl2-66"	"AqFl2-67"	"AqFl2-68"	"AqFl2-69"	"AqFl2-70"	"AqFl2-71"	"AqFl2-72"
"AqFl2-01"	0	0.779288053455192	0.929927511982964	0.775541030891902	0.714103325234884	0.906805220642803	0.462752307363943	0.89155811314775	0.789171728141775	0.433092641793116	0.838895200881168	0.775322044527183	0.79252515330632	0.48970627466466	0.82485232891986	0.92845809220153	0.821791822018821	0.765849067188996	0.461677662276602	0.676622539711673	0.750271921763792	0.622172899261941	0.901332155103535	0.79020354310072	0.497566263549687	0.770429402926824	0.873434947727925	0.732038990490897	0.742933778062259	0.904554310316478	0.445959870441166	0.726645109013266	0.456974206864691	0.690797200049979	0.791935901660056	0.817998163906086	0.495787428247181	0.87366257718527	0.934162070996785	0.734122171920387	0.653894186649795	0.407636732290743	0.740211681198015	0.837718912381138	0.447491387413709	0.884467715697524	0.750263972497258	0.50654039928734	0.688594040534322	0.898266926108144	0.742376518744209	0.891743225381871	0.718572432234347	0.785893625861657	0.442603766059708	0.494076250978801	0.765073896153087	0.731066151293782	0.770755357562778	0.40727541180992	0.741460272852173	0.872224728308994	0.920156079790829	0.908369522079736	0.456160546782683	0.736394341375022	0.6878032291417	0.412871152647298	0.907329614362153	0.769795850491539
"AqFl2-02"	0.779288053455192	0	0.731067801461898	0.7432678027375	0.767283186847036	0.68570662783469	0.800687270218714	0.613319102727914	0.526900100088548	0.771342756166339	0.622940390488491	0.804158587661206	0.582242545932351	0.69360728884973	0.718682924119682	0.705674139694587	0.596496883168114	0.79877598542434	0.773399354586069	0.551533002968262	0.599638233404859	0.709699128459616	0.613554348334589	0.704623915210083	0.822534242580707	0.441333179936217	0.634249931692874	0.755176518840832	0.795452117606314	0.65753756153952	0.787733009542831	0.467088317108408	0.799492839152413	0.590837248748936	0.710060628217743	0.642514282691349	0.741828157689648	0.634634427647857	0.745188727579318	0.746890328452459	0.764830987944435	0.783163417982896	0.438695156313783	0.608085417014866	0.781852913515592	0.668039288145301	0.828836128758746	0.812458490730232	0.588675125577403	0.605270707230709	0.780482221822952	0.636842343094831	0.728264233040249	0.488770132274998	0.780496336725779	0.842903472413348	0.582966344940671	0.796403530741219	0.583175851025513	0.757093310550835	0.759826814841199	0.617745807429482	0.790144990716447	0.662054461221932	0.739110325704999	0.550207501158977	0.613917811823644	0.810837053731859	0.69865706277662	0.711914223458716
"AqFl2-03"	0.929927511982964	0.731067801461898	0	0.725694232042739	0.852555484929351	0.5678640954898	0.917399741447185	0.432035984213824	0.631128904069663	0.932076055665689	0.594211143937158	0.890309481287974	0.668218290539683	0.892867923320074	0.729266042414665	0.627004516363591	0.564339215713165	0.847596413068122	0.893745541121579	0.773603721539686	0.857042156024557	0.874624359147828	0.441779089841637	0.814424539683873	0.93234062450159	0.678557896189735	0.604566695256479	0.863998672468977	0.795849119073052	0.426603082370996	0.928439565474736	0.73705455645205	0.888316749720557	0.73665836683091	0.734108530808186	0.553912028034865	0.854610281176387	0.554288212926476	0.644027972905987	0.815166066514255	0.877841414758535	0.906518850691123	0.697308875666138	0.630916907297916	0.912172425678542	0.521473683276375	0.894892874195289	0.894204920749379	0.719958266771158	0.644370709313996	0.905496273090952	0.498775064413308	0.813716084930999	0.642906641520309	0.904142789754027	0.936905017207104	0.658336554873782	0.851298816462421	0.645008243010222	0.920813938987198	0.857976409072846	0.571480951323483	0.716833213193214	0.542246658456075	0.884333825106865	0.661319431649299	0.776818198651628	0.934350396179711	0.51876856461234	0.826407817777538
"AqFl2-04"	0.775541030891902	0.7432678027375	0.725694232042739	0	0.583350075541512	0.775972906099161	0.801144627946469	0.713920614770104	0.715699093353231	0.79474435475732	0.684135560609625	0.621684168665809	0.731160638588609	0.766536832926759	0.50775749127291	0.805655151970203	0.736948172098303	0.593779129904142	0.769549179233397	0.68631538116402	0.83649093169989	0.769047896097169	0.714686060742107	0.483406149805253	0.790190591558637	0.695808988043405	0.699648478109331	0.564598090946502	0.574196284203512	0.738741374235224	0.809129658641082	0.700123413628804	0.754309983384737	0.709043271079448	0.544785648192321	0.663355876332882	0.718143172682342	0.713213339543846	0.809882431855116	0.578169874988616	0.674515687871298	0.780978537418738	0.723736805555633	0.757377826918332	0.762156042526879	0.658836513908001	0.625260950673719	0.756647751877804	0.639689042492534	0.803014551418569	0.658104304423571	0.685490648732133	0.610178766700615	0.722476947436141	0.775195367486209	0.814581286818799	0.705541113540784	0.574163310939204	0.697007359665738	0.770479434320739	0.596697155324692	0.676159871645353	0.835775375345717	0.727683019901399	0.760168037836631	0.668586184827042	0.759188599606822	0.817321631046891	0.738611208382567	0.562027568352741
"AqFl2-05"	0.714103325234884	0.767283186847036	0.852555484929351	0.583350075541512	0	0.833026087386417	0.737925353035035	0.836991401835625	0.770950910987174	0.700975021665379	0.738123843000245	0.565915602516063	0.757493946290171	0.674884183190502	0.604936096043529	0.849935530255497	0.752171158884492	0.528892154687725	0.660498883124326	0.72425541027932	0.85112290721724	0.792240176404857	0.811515093053194	0.526268382854687	0.723353896150332	0.776076581559411	0.766762957914694	0.513025801938245	0.588988779427561	0.827461574801699	0.713145985544967	0.767762931199704	0.673821357584759	0.725074796560893	0.581859100727079	0.710936717853827	0.665442059770217	0.835638171577948	0.856976888574391	0.606530561524195	0.578422238404954	0.687912442335	0.769453039878724	0.826950509641248	0.6817071195707	0.809516432832665	0.558458582259568	0.694300413534389	0.637010311127617	0.830727025225736	0.593485658717545	0.799564821358313	0.537094418482903	0.767032487971256	0.688680124122707	0.718571953583552	0.716811045382084	0.588621482266422	0.769551925401248	0.67730703831918	0.580581773938347	0.76354678860177	0.857395802064959	0.84098285324491	0.673242168782119	0.757827110630169	0.731431123466959	0.722501124842143	0.848664387055436	0.610642356656551
"AqFl2-06"	0.906805220642803	0.68570662783469	0.5678640954898	0.775972906099161	0.833026087386417	0	0.910547630974375	0.591939799734509	0.589380543410533	0.908089150041407	0.595470189678818	0.859887004929944	0.673687800680711	0.859070907917545	0.728233841868883	0.472916268970853	0.478113372416446	0.864098530044597	0.884471535887937	0.764643164219064	0.81266049398086	0.895663896925615	0.475861550577704	0.800246662068578	0.929027579244869	0.63931375808636	0.517463885340448	0.839356870924139	0.845640509804263	0.459168410507436	0.903358954801083	0.730747478461844	0.871831544397057	0.675391183572716	0.775482206552082	0.642595039897148	0.847339695260248	0.682438878259204	0.556796150309342	0.801426836411132	0.865301368520298	0.891524079166509	0.709385388907427	0.621710927069855	0.893501716205293	0.687034309297072	0.902310214784173	0.896459450856857	0.694836684534304	0.36238084763201	0.867457527947957	0.518920569989749	0.790280960526423	0.559386075408961	0.889888577051472	0.917697831481318	0.688174932376567	0.863262755003027	0.753494297973821	0.901475727432085	0.84264476313036	0.577127162004519	0.791235533816976	0.682227145532451	0.885729883938541	0.713273887890175	0.778613726562255	0.917649440307315	0.661398870627343	0.814771578505505
"AqFl2-07"	0.462752307363943	0.800687270218714	0.917399741447185	0.801144627946469	0.737925353035035	0.910547630974375	0	0.884359321810855	0.803473713799863	0.474597182847154	0.872858634864391	0.80450024088341	0.812543487990617	0.460928406648887	0.857163077395015	0.95264310764727	0.837627927175987	0.747740993812609	0.493909337536405	0.669237403908221	0.782517606670358	0.592177935043637	0.932433334988741	0.810075955635397	0.4771190839996	0.787911867638019	0.87737500578847	0.750329341774382	0.740508947066945	0.92052913168959	0.497023653114869	0.766818647195317	0.495894895298423	0.683939942760733	0.829952728255911	0.821393379388988	0.481109971419885	0.867279669443507	0.958527195611505	0.745352829181924	0.689077170148988	0.487428826672618	0.723737962222658	0.855577651773225	0.508654773928856	0.878848827333073	0.732694627281431	0.521869090963636	0.699498049532108	0.919816858873516	0.770172518608729	0.913465048981607	0.734116811264381	0.797323532919109	0.499142403378116	0.501431858812477	0.770689502035624	0.763133031969062	0.753593553853543	0.485032393495324	0.769715044787085	0.910486009594069	0.917383002107248	0.907751010712703	0.489545187041032	0.721254174798755	0.665033429379703	0.455880226163271	0.900380838168478	0.786543907549994
"AqFl2-08"	0.89155811314775	0.613319102727914	0.432035984213824	0.713920614770104	0.836991401835625	0.591939799734509	0.884359321810855	0	0.60460090107727	0.903366147859252	0.564779942361533	0.862753607088799	0.529436429908825	0.832373098396054	0.698189202496227	0.576543454811932	0.605223723109497	0.834083970892072	0.878819079748396	0.692282370257021	0.736984687630413	0.815332848491117	0.409976709918096	0.790180690166019	0.906317079090301	0.575453638156433	0.631788846557617	0.83193093280843	0.794799293726376	0.487922064664454	0.901819312938565	0.635500563953343	0.867421334103455	0.658782808088095	0.747850696991001	0.604221706369843	0.804896229949961	0.424992021439634	0.573434156061818	0.792838555920556	0.850234889048065	0.879756066103432	0.606510517427413	0.574803778842817	0.882176059545812	0.545589160748279	0.870900032658245	0.869489690186799	0.696447454759546	0.596179267452959	0.877470624800397	0.500060851280531	0.794473611842302	0.566669565861583	0.868880727777772	0.913437604707959	0.605371194487238	0.83444962337511	0.561981281558556	0.879445958395636	0.84963656331	0.538567882499624	0.660995993149407	0.503353933120287	0.872242765640521	0.537447250961425	0.713041894948021	0.91133988805544	0.43238569360711	0.804984019149203
"AqFl2-09"	0.789171728141775	0.526900100088548	0.631128904069663	0.715699093353231	0.770950910987174	0.589380543410533	0.803473713799863	0.60460090107727	0	0.806108129624663	0.613989912608433	0.817374349405487	0.540295067196087	0.706825070255806	0.668799574835514	0.636559819677587	0.450491044771506	0.806418560423348	0.767371584927352	0.562233510865433	0.660407054508916	0.748355390422425	0.601284454606618	0.734124139414706	0.832202414647197	0.522663899384208	0.534786632759313	0.782714685482427	0.745470302013625	0.651004440886247	0.781706325377757	0.500206819813287	0.783983466016237	0.586318705515069	0.67735965381273	0.596268517215544	0.724150274317698	0.569982948235392	0.718514704818523	0.728543132221267	0.757057158609872	0.785790497498241	0.509853955186727	0.574689002592994	0.79259957778746	0.668192603965279	0.845013156560343	0.798366141917943	0.613125708584648	0.633793326142879	0.811944121336754	0.622708993180833	0.691437360205938	0.475412036108995	0.783137392967116	0.833910741439222	0.549352389858859	0.825673449329277	0.58311375524823	0.768467966732572	0.786454975384647	0.636442816950879	0.8265047156451	0.727650524965054	0.7555011950547	0.590060300002368	0.583566447645071	0.819045160730419	0.625035526867827	0.759463084074723
"AqFl2-10"	0.433092641793116	0.771342756166339	0.932076055665689	0.79474435475732	0.700975021665379	0.908089150041407	0.474597182847154	0.903366147859252	0.806108129624663	0	0.854019105089153	0.778854639593993	0.816763495072594	0.511134351206545	0.826155506868358	0.934676537246096	0.833220144054006	0.74198790559251	0.439096214806813	0.683096288947064	0.785549225021236	0.619661851304335	0.910483483384946	0.782002529452393	0.454719779065493	0.786423852685121	0.870889341966674	0.737713418632088	0.75011498815233	0.913371947521786	0.399191503832417	0.752829731056166	0.409237045888023	0.714537179229744	0.792519848757501	0.819292499888974	0.525771299253374	0.885216020114114	0.940083702256503	0.743960824674649	0.646198157066006	0.440985595617633	0.735103620749539	0.855888086176878	0.405730675488925	0.888518632715897	0.725814667514139	0.471261823660285	0.698315622022902	0.90744543421921	0.756193346669438	0.901638630638273	0.715738101303607	0.807444798572603	0.432263931599618	0.458355524558359	0.761346082719153	0.769905322793651	0.787394593014334	0.389141503464821	0.747771146864414	0.885880063955994	0.927385257774428	0.91617939007123	0.381123472905348	0.760347339610476	0.68769897292627	0.411288136725926	0.910232852266947	0.771723288454186
"AqFl2-11"	0.838895200881168	0.622940390488491	0.594211143937158	0.684135560609625	0.738123843000245	0.595470189678818	0.872858634864391	0.564779942361533	0.613989912608433	0.854019105089153	0	0.808766904421889	0.36139188139695	0.764531186646689	0.588248570556635	0.5395490746393	0.366522382100185	0.766259436688345	0.831751989004495	0.66892851064373	0.729109416622098	0.841907854531289	0.33824064008066	0.704151349439184	0.876262005493916	0.531887858949825	0.562477587661929	0.727976273973104	0.794876657916753	0.500244073896743	0.845176773259556	0.614968401045181	0.825685927142187	0.577982093756495	0.674348546062698	0.408254108364145	0.771202936009971	0.571263786132048	0.549554839815859	0.757685174937146	0.822405923318106	0.834486748856805	0.602086313091889	0.590021397256882	0.833074201601449	0.576179801077611	0.851485044062951	0.846256776409553	0.492530260076338	0.554971010691026	0.804048727679507	0.375123308577467	0.77062856226509	0.575087650746648	0.834571253244765	0.881805891209033	0.48555583047392	0.748832499360709	0.536864317675971	0.817590400004192	0.788354045651062	0.414296915778814	0.511955123968468	0.535263623333496	0.823481105862362	0.626193504081014	0.625350548249608	0.864509687942341	0.604219910937148	0.719518578172639
"AqFl2-12"	0.775322044527183	0.804158587661206	0.890309481287974	0.621684168665809	0.565915602516063	0.859887004929944	0.80450024088341	0.862753607088799	0.817374349405487	0.778854639593993	0.808766904421889	0	0.83201480062476	0.768370804941487	0.624003441698471	0.895997440145227	0.831214838618895	0.563793812255909	0.755144759616798	0.76376147038957	0.831358449673136	0.805743727179745	0.839139216740268	0.55203669689218	0.804961915187819	0.77686544548643	0.819069142538913	0.566739306083107	0.632124605751015	0.86472592337872	0.803681256892259	0.781855503182869	0.7876515266421	0.807873069398323	0.637336521953005	0.786823840665368	0.789257129404905	0.865494581379151	0.889705148950295	0.56720954450536	0.620713003523376	0.777094826236087	0.797065182736044	0.849712454465539	0.777528325791422	0.812401075654167	0.560931366282658	0.784893372120775	0.746150425362632	0.852339893957452	0.598666630911382	0.828378751772268	0.623829538355486	0.838610172874055	0.781704833952232	0.798391386349483	0.822113732364005	0.581601152763079	0.820760426723381	0.770258374558769	0.60934284168152	0.810217120879876	0.914000772302357	0.848601303309495	0.762599372749131	0.798992471755364	0.801492515549421	0.796236986858921	0.877432585583419	0.591652132409751
"AqFl2-13"	0.79252515330632	0.582242545932351	0.668218290539683	0.731160638588609	0.757493946290171	0.673687800680711	0.812543487990617	0.529436429908825	0.540295067196087	0.816763495072594	0.36139188139695	0.83201480062476	0	0.693083095225174	0.690583854216425	0.593222478791107	0.424260315665775	0.77706712212859	0.789497572609791	0.60104815505229	0.569787171153955	0.764779755162917	0.553562340646617	0.741960167304499	0.830065137548687	0.485057537984133	0.642734890437794	0.740671968202023	0.789833777620038	0.603603037037486	0.803681504731207	0.527610062519361	0.780695997902271	0.494774587507661	0.707183185747421	0.461225136019301	0.710480245092877	0.446919756497614	0.609846935232771	0.757580468964628	0.787619243998324	0.791357334120963	0.519357896556185	0.433748493250798	0.792819199000375	0.661099145139001	0.867877950221177	0.809715517278144	0.52279481718872	0.685074177974025	0.832830690694896	0.564039790837487	0.749008194217808	0.54531591077513	0.789929067001476	0.849846834498998	0.398403229114365	0.7894695472714	0.464688518364162	0.763917818384294	0.799755844280246	0.592075387843949	0.596668325013628	0.678351340123922	0.775147086591618	0.54793810013276	0.52172369458203	0.823036312396512	0.622873840964598	0.74600064958022
"AqFl2-14"	0.48970627466466	0.69360728884973	0.892867923320074	0.766536832926759	0.674884183190502	0.859070907917545	0.460928406648887	0.832373098396054	0.706825070255806	0.511134351206545	0.764531186646689	0.768370804941487	0.693083095225174	0	0.782832671052154	0.890478547050999	0.737064358237717	0.732836218628233	0.523632187197554	0.534737046339156	0.660134336652301	0.550167747645925	0.859400533638309	0.771955242982779	0.556142029125818	0.666477140436417	0.814370494921749	0.691183018075267	0.724660656093422	0.855381280671615	0.517784343264355	0.679061633716617	0.552761781056653	0.556235180497739	0.763770019739103	0.754274105383122	0.481909400944746	0.816789932324267	0.900991928754759	0.708465625398195	0.645602253612682	0.52633660208891	0.596039643060939	0.778441375191866	0.559300483864035	0.823407487976787	0.698748163899752	0.581599214306949	0.567044008408093	0.845470175305968	0.711515689117858	0.842859976251668	0.637780497363229	0.694667796314496	0.532886039613294	0.581479732369608	0.652639250429915	0.744056679720985	0.653758582684001	0.459824573987242	0.749757059941189	0.83082051298599	0.875761479887988	0.857096674548498	0.53153782910531	0.623772579381197	0.578014039377126	0.525751647255345	0.85444962818353	0.753773158159452
"AqFl2-15"	0.82485232891986	0.718682924119682	0.729266042414665	0.50775749127291	0.604936096043529	0.728233841868883	0.857163077395015	0.698189202496227	0.668799574835514	0.826155506868358	0.588248570556635	0.624003441698471	0.690583854216425	0.782832671052154	0	0.71716171034869	0.672269254130332	0.615816927022794	0.790009430739829	0.684962166892025	0.818049428392064	0.811206329797249	0.611271337632384	0.566544816373779	0.851773748116412	0.66703744506842	0.574931251365061	0.593274084107467	0.650422273445854	0.690110998477126	0.825504719257414	0.739755578119059	0.784997369875097	0.72545162689012	0.542246154815028	0.664991895547434	0.765397317793048	0.721898939674387	0.715216039994579	0.619245249480835	0.707708204935054	0.803197509942822	0.676980648011645	0.730555652012264	0.811081511481959	0.662836815422467	0.71021111531126	0.808036411043779	0.625168418163529	0.713517217417112	0.652759759144277	0.616388350820618	0.644451538108812	0.710881240269827	0.800301562479318	0.83852303138199	0.666609611077822	0.625093455589083	0.70599143604194	0.804984791707933	0.63557047839093	0.577647651315428	0.826100062212655	0.71158633368006	0.78206521115977	0.668721405081961	0.708508278324089	0.848127437418035	0.693225083680001	0.600579875214307
"AqFl2-16"	0.92845809220153	0.705674139694587	0.627004516363591	0.805655151970203	0.849935530255497	0.472916268970853	0.95264310764727	0.576543454811932	0.636559819677587	0.934676537246096	0.5395490746393	0.895997440145227	0.593222478791107	0.890478547050999	0.71716171034869	0	0.541111429610755	0.900907390085268	0.909571018596044	0.782789115643959	0.80189578910888	0.930733738250614	0.34958982899996	0.819942948035374	0.957928766127919	0.706931694019831	0.530261461716116	0.867569476014478	0.873133356198026	0.509474420256236	0.931515103268412	0.748744693899245	0.897316221366283	0.76239719500411	0.790112819592919	0.636817780607368	0.875692100016907	0.584763835989588	0.350718284539205	0.843769883185413	0.89575853918097	0.911420549698327	0.723767872068577	0.625036483591588	0.913208175952214	0.682249222827473	0.941599204227292	0.920709837485682	0.699189079323614	0.401101149459281	0.888358050241942	0.460512540239284	0.836555926291368	0.57818718961384	0.913198777487871	0.960002366638019	0.698290846247905	0.903221399962181	0.769554795463851	0.918629213587048	0.878109927870119	0.505615955852834	0.61541754211922	0.626007071569198	0.904325427703561	0.746390081310197	0.797475598283482	0.941885274737941	0.653003358222102	0.831689257348103
"AqFl2-17"	0.821791822018821	0.596496883168114	0.564339215713165	0.736948172098303	0.752171158884492	0.478113372416446	0.837627927175987	0.605223723109497	0.450491044771506	0.833220144054006	0.366522382100185	0.831214838618895	0.424260315665775	0.737064358237717	0.672269254130332	0.541111429610755	0	0.783040988440129	0.794418757935336	0.654325657702868	0.719092539279305	0.817029352224939	0.51161153526692	0.744777471963128	0.85851726407879	0.596594592656577	0.513556007196491	0.752763729891934	0.76597285025828	0.593440016282879	0.822938869668825	0.597753907810164	0.807656585038793	0.515301395112652	0.65451174551288	0.445335049671101	0.755187649700578	0.554929267374466	0.658863498361652	0.757222879391574	0.806894846110617	0.810910703768785	0.580645112411203	0.609274604923043	0.817442593483904	0.615755759098345	0.869187065852445	0.823564529427056	0.537319340413678	0.457420239556912	0.808362189176426	0.543193994331221	0.722174347644117	0.507099621969684	0.809476726220827	0.843877186511549	0.47940414921844	0.781155941822459	0.508448276041914	0.799363842231266	0.80283807366911	0.568205654740587	0.631833523361802	0.663746572068038	0.783332364512061	0.637423233338387	0.604708984779455	0.843393449044217	0.612734335117044	0.756137835790974
"AqFl2-18"	0.765849067188996	0.79877598542434	0.847596413068122	0.593779129904142	0.528892154687725	0.864098530044597	0.747740993812609	0.834083970892072	0.806418560423348	0.74198790559251	0.766259436688345	0.563793812255909	0.77706712212859	0.732836218628233	0.615816927022794	0.900907390085268	0.783040988440129	0	0.696677190503202	0.755062315916226	0.852342313264081	0.785021289162003	0.848122174319931	0.567889073344174	0.756405567946932	0.763050257455685	0.804906496378974	0.5170297419364	0.573858300581956	0.865663894207674	0.770058573004591	0.772553258856981	0.723919657054031	0.774792176053006	0.60231973304686	0.709002328605571	0.720207393740306	0.831715650794166	0.903281306991485	0.557381960558903	0.583564228606658	0.721299126998887	0.774486463007009	0.851774204060744	0.728885260490855	0.763770759895151	0.584788071819985	0.73153664660546	0.69027528974661	0.860120730581221	0.634839011693458	0.836755349436504	0.592107652224256	0.82178884331358	0.728352891986175	0.737216993368932	0.737409276615928	0.494644752933301	0.719677501671438	0.749896158274944	0.59116211456749	0.797864178549589	0.835381789630696	0.817708289864593	0.719897120177024	0.755080463170041	0.724183811190321	0.768430409341618	0.843743707271653	0.618304349858243
"AqFl2-19"	0.461677662276602	0.773399354586069	0.893745541121579	0.769549179233397	0.660498883124326	0.884471535887937	0.493909337536405	0.878819079748396	0.767371584927352	0.439096214806813	0.831751989004495	0.755144759616798	0.789497572609791	0.523632187197554	0.790009430739829	0.909571018596044	0.794418757935336	0.696677190503202	0	0.647277197833163	0.787180998257965	0.664060380215173	0.885520650537055	0.738759501984989	0.501463159464195	0.7677513350855	0.841321367784065	0.70002048119583	0.696921604207811	0.888567318873907	0.431483192937492	0.727904352192627	0.40792235733159	0.699548384563246	0.730221179141064	0.797414015481501	0.492106224877956	0.858106901929469	0.91483950808148	0.691069385391942	0.587987555612886	0.410646043483389	0.717375590899737	0.829597678160667	0.388998154090037	0.846230378408743	0.727097386012397	0.483060728367763	0.687908373682557	0.883046790340103	0.728116584270219	0.87784096423672	0.645842888913946	0.786621856328634	0.376524206746396	0.487997430019688	0.746805559624367	0.717495720882403	0.760892084939958	0.416441720625359	0.690717566133337	0.861577858772985	0.901722521941919	0.891322897496357	0.39784932879374	0.741730454164029	0.659907916095758	0.450961293643048	0.873485277175089	0.745154402036763
"AqFl2-20"	0.676622539711673	0.551533002968262	0.773603721539686	0.68631538116402	0.72425541027932	0.764643164219064	0.669237403908221	0.692282370257021	0.562233510865433	0.683096288947064	0.66892851064373	0.76376147038957	0.60104815505229	0.534737046339156	0.684962166892025	0.782789115643959	0.654325657702868	0.755062315916226	0.647277197833163	0	0.577929649627919	0.587656251020499	0.68820356132615	0.656680333887881	0.699694818419302	0.490582656715632	0.701518808626284	0.714429339829663	0.718221654741492	0.707342854919889	0.659729950914853	0.51316857059156	0.667684747014721	0.485967949185234	0.647900498580341	0.667567897699461	0.596036682922297	0.636834251195575	0.784025360952172	0.688179185590959	0.636138609399469	0.677101688106335	0.417820878960337	0.620568602105081	0.655711615056679	0.6970287154063	0.744415137033385	0.694761707527115	0.529708291707678	0.742128857864682	0.747868150156324	0.698172686498051	0.663635349267618	0.582202898765071	0.663339785945987	0.742049307967016	0.543649989545844	0.757514406125978	0.548205252133227	0.611402485320888	0.719743899634679	0.705095753859253	0.829617769380837	0.750139292166434	0.637119630943097	0.503600791144129	0.501360689832705	0.699511570124237	0.731448171984308	0.672998242234974
"AqFl2-21"	0.750271921763792	0.599638233404859	0.857042156024557	0.83649093169989	0.85112290721724	0.81266049398086	0.782517606670358	0.736984687630413	0.660407054508916	0.785549225021236	0.729109416622098	0.831358449673136	0.569787171153955	0.660134336652301	0.818049428392064	0.80189578910888	0.719092539279305	0.852342313264081	0.787180998257965	0.577929649627919	0	0.613451210512594	0.766424388411446	0.770692337242585	0.797482881925063	0.52641256680315	0.752281914630503	0.801979543597947	0.847006633658256	0.762084152203966	0.768841405163607	0.536368603902237	0.803786964442553	0.609741770665894	0.785576545886204	0.732937657913204	0.76043149755286	0.646164061919018	0.810604347702122	0.806407281910435	0.792595556272544	0.793670151690797	0.540697357791345	0.528485837923385	0.808940011322087	0.764716510216638	0.846135111438094	0.828462007011078	0.694461161395179	0.780186436489908	0.80374757871472	0.773039856345664	0.799669367391538	0.665108573673879	0.791500152125254	0.821826747267604	0.623276385793547	0.845110034593626	0.65577197768641	0.752114060967611	0.815508748821282	0.757409646053465	0.836326738964201	0.796596431359046	0.778311098611344	0.551850298829539	0.645136425599002	0.788687452542496	0.79345833704879	0.777731332061309
"AqFl2-22"	0.622172899261941	0.709699128459616	0.874624359147828	0.769047896097169	0.792240176404857	0.895663896925615	0.592177935043637	0.815332848491117	0.748355390422425	0.619661851304335	0.841907854531289	0.805743727179745	0.764779755162917	0.550167747645925	0.811206329797249	0.930733738250614	0.817029352224939	0.785021289162003	0.664060380215173	0.587656251020499	0.613451210512594	0	0.877047277011408	0.793109589336768	0.593589323042981	0.673316176371456	0.84244637325927	0.757664044305558	0.772469960235556	0.872677732115296	0.624221893679497	0.656567326162193	0.667019193105866	0.665610122685477	0.809996249218668	0.817192209031519	0.57796236889138	0.780119775840935	0.932728486477336	0.767937339240173	0.702189354381775	0.664705606863016	0.6294432226999	0.770471292713072	0.650238218904105	0.807855172404192	0.75506019922032	0.654502486079509	0.706020788886271	0.879560312263604	0.781378459456349	0.868101196052562	0.756889557188847	0.781829605029239	0.665223754450307	0.639291007970087	0.741582022182277	0.775274997920411	0.666747844411931	0.601002245309848	0.757418682053884	0.849708066757211	0.910696460175404	0.840084702847678	0.61714727391289	0.601045492483104	0.642460221653065	0.653443840942586	0.840273860865375	0.755912127532989
"AqFl2-23"	0.901332155103535	0.613554348334589	0.441779089841637	0.714686060742107	0.811515093053194	0.475861550577704	0.932433334988741	0.409976709918096	0.601284454606618	0.910483483384946	0.33824064008066	0.839139216740268	0.553562340646617	0.859400533638309	0.611271337632384	0.34958982899996	0.51161153526692	0.848122174319931	0.885520650537055	0.68820356132615	0.766424388411446	0.877047277011408	0	0.737218091925945	0.935331113014342	0.562719998960275	0.521562412758667	0.813351944145092	0.820382433138272	0.305196245970848	0.904057322063472	0.622921707245495	0.879437678745528	0.68414960789648	0.704240362727694	0.511399796549143	0.843583001550196	0.502587442476527	0.373316244418722	0.787341773920881	0.85265286798371	0.887916983579684	0.596902798097777	0.580717732114686	0.888343891048024	0.5352716798697	0.887278953693101	0.898111153571634	0.626824025146798	0.393704155113112	0.844674390404938	0.203049204150365	0.797689583254137	0.561096806276073	0.88897052918128	0.94094339364675	0.597639797615016	0.846233744801505	0.646669297222285	0.88798861809561	0.820806375185644	0.263329068621873	0.619942303935194	0.419092866981339	0.87911837805144	0.653316841483823	0.725707755389382	0.919193150394656	0.51224190504791	0.758607979703032
"AqFl2-24"	0.79020354310072	0.704623915210083	0.814424539683873	0.483406149805253	0.526268382854687	0.800246662068578	0.810075955635397	0.790180690166019	0.734124139414706	0.782002529452393	0.704151349439184	0.55203669689218	0.741960167304499	0.771955242982779	0.566544816373779	0.819942948035374	0.744777471963128	0.567889073344174	0.738759501984989	0.656680333887881	0.770692337242585	0.793109589336768	0.737218091925945	0	0.802295503862274	0.674126979120923	0.718950528240635	0.49320436359194	0.610718386184183	0.751137838463315	0.782058557713356	0.658516270808814	0.765530713401785	0.724091315341256	0.521349377210907	0.693145726555726	0.772529370021106	0.783327924899166	0.820853296776476	0.58535736484656	0.617189247279411	0.77817073047062	0.679500469144886	0.775466984923015	0.767708040658111	0.705552569430169	0.593413043006557	0.785103838100313	0.653260208521498	0.759427567105362	0.554696511977419	0.723900594167306	0.562548206091269	0.744994709306064	0.776252400146592	0.809172087754413	0.728104803910873	0.585851874455698	0.749933250921598	0.764364648525231	0.546579290698665	0.69746671460615	0.841763994261102	0.746152537150195	0.75222819169079	0.730540820806724	0.723919819280081	0.809062940831293	0.792860399857543	0.505676270179303
"AqFl2-25"	0.497566263549687	0.822534242580707	0.93234062450159	0.790190591558637	0.723353896150332	0.929027579244869	0.4771190839996	0.906317079090301	0.832202414647197	0.454719779065493	0.876262005493916	0.804961915187819	0.830065137548687	0.556142029125818	0.851773748116412	0.957928766127919	0.85851726407879	0.756405567946932	0.501463159464195	0.699694818419302	0.797482881925063	0.593589323042981	0.935331113014342	0.802295503862274	0	0.805036575396116	0.883005456071784	0.746244762401714	0.740639676132607	0.930635646504957	0.480427446967014	0.788306658319504	0.470633375855554	0.73751350631649	0.81549400194345	0.845485068776862	0.475513444385122	0.884140991909225	0.967624324070838	0.747107014866955	0.677643471421942	0.448035045386588	0.779784404729848	0.863512883894237	0.451597715974219	0.894811221052382	0.734370964408026	0.485501398069999	0.728523064558163	0.930307424107061	0.770135489931046	0.924410008124652	0.727577249793371	0.826278081088281	0.485427901691674	0.479175778473334	0.774451456470084	0.737065540663456	0.788064443077804	0.480285880516485	0.726774516597309	0.91330921783841	0.928420964403754	0.923828401863977	0.443667154385063	0.760203179117542	0.717338370795896	0.48885728809587	0.915262725990103	0.788503792925078
"AqFl2-26"	0.770429402926824	0.441333179936217	0.678557896189735	0.695808988043405	0.776076581559411	0.63931375808636	0.787911867638019	0.575453638156433	0.522663899384208	0.786423852685121	0.531887858949825	0.77686544548643	0.485057537984133	0.666477140436417	0.66703744506842	0.706931694019831	0.596594592656577	0.763050257455685	0.7677513350855	0.490582656715632	0.52641256680315	0.673316176371456	0.562719998960275	0.674126979120923	0.805036575396116	0	0.617160666323727	0.723737004063683	0.759246410354058	0.574268161106158	0.773470681514352	0.441093630376195	0.777272519982239	0.546043439143156	0.665748231986222	0.61720973482111	0.703975755905736	0.557548806304406	0.710277203806657	0.685091032804164	0.728608377103681	0.773484654365128	0.347116883484052	0.457849782910978	0.77383748466201	0.609685427187447	0.810532620956327	0.800942503797109	0.584355179705889	0.65125310017115	0.78378599370987	0.548904650121631	0.710845712927502	0.488572960633157	0.767677714382738	0.829441610399932	0.544970247188568	0.760781608001252	0.503821046027986	0.751532672093911	0.733584671290928	0.593036101386823	0.79391079621521	0.637951356669961	0.760848384791969	0.47767600221988	0.527799058971315	0.798388042589082	0.6642455810843	0.699406398763475
"AqFl2-27"	0.873434947727925	0.634249931692874	0.604566695256479	0.699648478109331	0.766762957914694	0.517463885340448	0.87737500578847	0.631788846557617	0.534786632759313	0.870889341966674	0.562477587661929	0.819069142538913	0.642734890437794	0.814370494921749	0.574931251365061	0.530261461716116	0.513556007196491	0.804906496378974	0.841321367784065	0.701518808626284	0.752281914630503	0.84244637325927	0.521562412758667	0.718950528240635	0.883005456071784	0.617160666323727	0	0.761470389380688	0.794192868889199	0.518493213066111	0.871385222543407	0.673748993654457	0.819950776719425	0.669225348595069	0.691835012498895	0.603877654470315	0.809136047038651	0.667508545265005	0.655504908984547	0.748350562700015	0.813855652098396	0.844276688912174	0.625701601698185	0.630081189687916	0.842132171332883	0.51634266717415	0.851610090141298	0.850590719512216	0.594952076482957	0.544650546256081	0.763524691943158	0.538701105924323	0.75248272414351	0.513525421559243	0.834339838000725	0.898861722695605	0.607946006732741	0.783435322750192	0.716285386888458	0.849447169670333	0.748809577358078	0.588767876316881	0.796598762900694	0.680596463501775	0.835801812611764	0.669312710335746	0.670404153203713	0.885228482805512	0.537833917497919	0.731707539540071
"AqFl2-28"	0.732038990490897	0.755176518840832	0.863998672468977	0.564598090946502	0.513025801938245	0.839356870924139	0.750329341774382	0.83193093280843	0.782714685482427	0.737713418632088	0.727976273973104	0.566739306083107	0.740671968202023	0.691183018075267	0.593274084107467	0.867569476014478	0.752763729891934	0.5170297419364	0.70002048119583	0.714429339829663	0.801979543597947	0.757664044305558	0.813351944145092	0.49320436359194	0.746244762401714	0.723737004063683	0.761470389380688	0	0.606562777150828	0.829068833043851	0.744723935099165	0.720989888487451	0.720352375133059	0.713791084002866	0.611016980321612	0.711470481871738	0.715547158742477	0.831137548507167	0.865559954063603	0.577984002835513	0.597563496856015	0.726762367865883	0.73549599330027	0.808596221478692	0.720223014530569	0.786463877315772	0.586107560431845	0.72633021426688	0.645933726482582	0.826554468252834	0.597286097279621	0.800884857096268	0.585840125022586	0.788180167441837	0.723050504928118	0.752221104470781	0.723958982473893	0.502502085950006	0.729247318708036	0.724479884728451	0.537017286276454	0.786870469825006	0.837615784355835	0.820211233581433	0.70474196341442	0.749923813837837	0.703848552081523	0.757720922503128	0.851251956859564	0.564712425778707
"AqFl2-29"	0.742933778062259	0.795452117606314	0.795849119073052	0.574196284203512	0.588988779427561	0.845640509804263	0.740508947066945	0.794799293726376	0.745470302013625	0.75011498815233	0.794876657916753	0.632124605751015	0.789833777620038	0.724660656093422	0.650422273445854	0.873133356198026	0.76597285025828	0.573858300581956	0.696921604207811	0.718221654741492	0.847006633658256	0.772469960235556	0.820382433138272	0.610718386184183	0.740639676132607	0.759246410354058	0.794192868889199	0.606562777150828	0	0.835060875194392	0.771901177391288	0.762351812706152	0.711094248537385	0.746173787715918	0.527390097175422	0.739674971498599	0.683932519894842	0.780044150360633	0.867523793663984	0.522478311853886	0.580147482884488	0.712442292818892	0.764614726168795	0.816124330896864	0.732891079703004	0.771353776700861	0.575871606945297	0.697519335773038	0.707598643039793	0.869328675019508	0.63353773180213	0.809704480031357	0.534011827233474	0.784731657080831	0.731612243844565	0.741911592837354	0.716189863173663	0.581535745326721	0.735671881944786	0.742304986038626	0.574276928303365	0.794646717845758	0.892700366041056	0.831360993690503	0.704067405469022	0.692388258270671	0.715248315107241	0.763423506494242	0.776141872139159	0.582127931901678
"AqFl2-30"	0.904554310316478	0.65753756153952	0.426603082370996	0.738741374235224	0.827461574801699	0.459168410507436	0.92052913168959	0.487922064664454	0.651004440886247	0.913371947521786	0.500244073896743	0.86472592337872	0.603603037037486	0.855381280671615	0.690110998477126	0.509474420256236	0.593440016282879	0.865663894207674	0.888567318873907	0.707342854919889	0.762084152203966	0.872677732115296	0.305196245970848	0.751137838463315	0.930635646504957	0.574268161106158	0.518493213066111	0.829068833043851	0.835060875194392	0	0.908916815768089	0.665311463352664	0.870342347059043	0.637067477792815	0.739817002605251	0.574298524292329	0.848546883185072	0.575132040058691	0.530795114103343	0.795204075003826	0.857482363789834	0.890963906627523	0.625347674400326	0.537201257956577	0.887033298370374	0.60440749108601	0.905738019401803	0.900832316255116	0.663002068197666	0.540144617079912	0.860906509187489	0.378610804672993	0.811709591591468	0.552802797514842	0.887021012293435	0.941009572739385	0.618526899774751	0.853089683671299	0.668814448813436	0.891996911292641	0.840679582873362	0.461200891642886	0.734789064379172	0.574496353107324	0.882527934858667	0.651579597183989	0.72716059951696	0.916218007909392	0.545327411339256	0.781883217297872
"AqFl2-31"	0.445959870441166	0.787733009542831	0.928439565474736	0.809129658641082	0.713145985544967	0.903358954801083	0.497023653114869	0.901819312938565	0.781706325377757	0.399191503832417	0.845176773259556	0.803681256892259	0.803681504731207	0.517784343264355	0.825504719257414	0.931515103268412	0.822938869668825	0.770058573004591	0.431483192937492	0.659729950914853	0.768841405163607	0.624221893679497	0.904057322063472	0.782058557713356	0.480427446967014	0.773470681514352	0.871385222543407	0.744723935099165	0.771901177391288	0.908916815768089	0	0.738699010270032	0.446484347232003	0.710277050860061	0.807726686316079	0.826122279550622	0.518733815258888	0.877009711394087	0.940420968168786	0.755744389275961	0.648751058799237	0.460996496845229	0.72707586345215	0.843905041570101	0.456771975911419	0.88116027624458	0.752755815686613	0.51751175647927	0.697043346893502	0.901077554449656	0.75947810610771	0.894649911069208	0.717572118942031	0.79446179208554	0.461208422692348	0.483159602705643	0.758807171975933	0.782155861339201	0.775829507823639	0.427492849251076	0.747741838358037	0.875288179982648	0.923683089869162	0.911783408247291	0.433419128998346	0.763114492653494	0.673506444375053	0.401401329859883	0.905813280156799	0.776634745772339
