""	"AqFl2-01"	"AqFl2-02"	"AqFl2-03"	"AqFl2-04"	"AqFl2-05"	"AqFl2-06"	"AqFl2-07"	"AqFl2-08"	"AqFl2-09"	"AqFl2-10"	"AqFl2-11"	"AqFl2-12"	"AqFl2-13"	"AqFl2-14"	"AqFl2-15"	"AqFl2-16"	"AqFl2-17"	"AqFl2-18"	"AqFl2-19"	"AqFl2-20"	"AqFl2-21"	"AqFl2-22"	"AqFl2-23"	"AqFl2-24"	"AqFl2-25"	"AqFl2-26"	"AqFl2-27"	"AqFl2-28"	"AqFl2-29"	"AqFl2-30"	"AqFl2-31"	"AqFl2-32"	"AqFl2-33"	"AqFl2-34"	"AqFl2-35"	"AqFl2-36"	"AqFl2-37"	"AqFl2-38"	"AqFl2-39"	"AqFl2-40"	"AqFl2-42"	"AqFl2-43"	"AqFl2-44"	"AqFl2-45"	"AqFl2-46"	"AqFl2-47"	"AqFl2-48"	"AqFl2-49"	"AqFl2-50"	"AqFl2-51"	"AqFl2-52"	"AqFl2-53"	"AqFl2-54"	"AqFl2-55"	"AqFl2-56"	"AqFl2-57"	"AqFl2-58"	"AqFl2-59"	"AqFl2-61"	"AqFl2-62"	"AqFl2-63"	"AqFl2-64"	"AqFl2-65"	"AqFl2-66"	"AqFl2-67"	"AqFl2-68"	"AqFl2-69"	"AqFl2-70"	"AqFl2-71"	"AqFl2-72"
"AqFl2-01"	0	0.891304347826087	0.992565055762082	0.931372549019608	0.920980926430518	0.977859778597786	0.62015503875969	0.977611940298508	0.903914590747331	0.619897959183674	0.981481481481482	0.932352941176471	0.934306569343066	0.764119601328904	0.958620689655172	0.985401459854015	0.970695970695971	0.929577464788732	0.642335766423358	0.823943661971831	0.905797101449275	0.706451612903226	0.977859778597786	0.936555891238671	0.607052896725441	0.896296296296296	0.974545454545454	0.949860724233983	0.933155080213904	0.985130111524164	0.599496221662469	0.875	0.611627906976744	0.876811594202899	0.940397350993378	0.963636363636364	0.629310344827586	0.948717948717949	0.981549815498155	0.931232091690544	0.866141732283465	0.63953488372093	0.832727272727273	0.951672862453532	0.621809744779582	0.985559566787004	0.92987012987013	0.641025641025641	0.902877697841727	0.977859778597786	0.944444444444444	0.977611940298508	0.895480225988701	0.922794117647059	0.650234741784038	0.64047619047619	0.946236559139785	0.948126801152738	0.926470588235294	0.636103151862464	0.898305084745763	0.977859778597786	0.996336996336996	0.989010989010989	0.636132315521629	0.873188405797101	0.798611111111111	0.62043795620438	0.985454545454545	0.927710843373494
"AqFl2-02"	0.891304347826087	0	0.977272727272727	0.89010989010989	0.930817610062893	0.914893617021277	0.915492957746479	0.933333333333333	0.71875	0.910034602076125	0.886363636363636	0.912698412698413	0.842105263157895	0.876923076923077	0.882352941176471	0.938775510204082	0.877551020408163	0.930555555555556	0.904290429042904	0.8	0.848484848484849	0.863636363636364	0.866666666666667	0.913793103448276	0.920792079207921	0.714285714285714	0.901960784313726	0.944055944055944	0.945121951219512	0.931818181818182	0.903654485049834	0.688524590163934	0.921511627906977	0.782608695652174	0.906976744186046	0.865384615384615	0.879464285714286	0.849056603773585	0.888888888888889	0.911111111111111	0.921465968586387	0.915407854984894	0.680555555555556	0.833333333333333	0.927113702623907	0.9	0.937142857142857	0.902527075812274	0.803030303030303	0.866666666666667	0.92	0.909090909090909	0.862068965517241	0.781818181818182	0.932721712538226	0.911671924290221	0.827586206896552	0.946969696969697	0.777777777777778	0.893805309734513	0.921052631578947	0.891304347826087	0.978723404255319	0.936170212765957	0.912280701754386	0.835616438356164	0.787878787878788	0.924290220820189	0.918367346938776	0.888888888888889
"AqFl2-03"	0.992565055762082	0.977272727272727	0	0.952380952380952	0.977272727272727	0.769230769230769	1	0.555555555555556	0.906976744186046	1	0.727272727272727	1	0.892857142857143	0.990909090909091	0.921052631578947	0.785714285714286	0.823529411764706	0.991525423728814	0.996621621621622	0.986111111111111	1	1	0.666666666666667	0.988888888888889	1	0.972222222222222	0.833333333333333	1	0.970149253731343	0.666666666666667	0.996598639455782	0.977272727272727	0.990990990990991	0.911111111111111	0.964912280701754	0.857142857142857	0.985915492957746	0.869565217391304	0.75	0.972477064220184	1	1	0.947368421052632	0.833333333333333	0.993957703927492	0.888888888888889	0.993333333333333	0.996268656716418	0.926829268292683	0.933333333333333	0.98989898989899	0.7	0.976377952755906	0.896551724137931	0.996805111821086	1	0.935483870967742	0.990291262135922	0.892857142857143	1	0.9921875	0.933333333333333	1	0.928571428571429	0.996350364963504	0.936170212765957	0.975903614457831	0.99672131147541	0.8	0.978494623655914
"AqFl2-04"	0.931372549019608	0.89010989010989	0.952380952380952	0	0.835365853658537	0.956521739130435	0.965408805031447	0.954545454545455	0.89247311827957	0.959752321981424	0.939393939393939	0.838235294117647	0.951807228915663	0.95625	0.831325301204819	0.957142857142857	0.944444444444444	0.863636363636364	0.936746987951807	0.951219512195122	0.989583333333333	0.962962962962963	0.925373134328358	0.795081967213115	0.961194029850746	0.918604651162791	0.945205479452055	0.845637583892617	0.824242424242424	0.920634920634921	0.945945945945946	0.925531914893617	0.957446808510638	0.95	0.776595744680851	0.904109589041096	0.929133858267717	0.948717948717949	0.955882352941177	0.808510638297872	0.870646766169154	0.956043956043956	0.895238095238095	0.945205479452055	0.954301075268817	0.929577464788732	0.810344827586207	0.937908496732026	0.888888888888889	0.956521739130435	0.8	0.921875	0.784313725490196	0.91358024691358	0.945868945868946	0.951289398280802	0.94047619047619	0.75	0.9125	0.928853754940711	0.84375	0.925373134328358	1	0.971014492753623	0.962382445141066	0.95049504950495	0.955555555555556	0.965714285714286	0.927536231884058	0.801587301587302
"AqFl2-05"	0.920980926430518	0.930817610062893	0.977272727272727	0.835365853658537	0	0.963235294117647	0.958115183246073	0.977777777777778	0.911392405063291	0.93979057591623	0.954887218045113	0.823834196891192	0.945945945945946	0.951111111111111	0.885906040268456	0.963503649635037	0.941605839416058	0.798029556650246	0.915167095115681	0.941176470588235	0.968944099378882	0.948412698412698	0.947761194029851	0.793296089385475	0.944303797468354	0.934210526315789	0.942028985507246	0.818627450980392	0.729468599033816	0.962121212121212	0.934010152284264	0.9375	0.915294117647059	0.945454545454545	0.805194805194805	0.920289855072464	0.927672955974843	0.958620689655172	0.947368421052632	0.803030303030303	0.796747967479675	0.943529411764706	0.911764705882353	0.957142857142857	0.934883720930233	0.949275362318841	0.756756756756757	0.926430517711172	0.909677419354839	0.963235294117647	0.815789473684211	0.954545454545455	0.768115942028985	0.931972789115646	0.934466019417476	0.928571428571429	0.946666666666667	0.801047120418848	0.953020134228188	0.930817610062893	0.772946859903382	0.931818181818182	0.992700729927007	0.978102189781022	0.947368421052632	0.970588235294118	0.939393939393939	0.935802469135802	0.971223021582734	0.810810810810811
"AqFl2-06"	0.977859778597786	0.914893617021277	0.769230769230769	0.956521739130435	0.963235294117647	0	0.989130434782609	0.733333333333333	0.847826086956522	0.989399293286219	0.666666666666667	0.971428571428571	0.878787878787879	0.991379310344828	0.906976744186046	0.722222222222222	0.7	0.983739837398374	0.99	0.946666666666667	0.955555555555556	0.986111111111111	0.705882352941177	0.968085106382979	0.989830508474576	0.925	0.714285714285714	1	0.978723404255319	0.714285714285714	0.98993288590604	0.9375	0.982142857142857	0.877551020408163	0.968253968253968	0.8	0.981651376146789	0.896551724137931	0.6875	0.964912280701754	0.988571428571429	0.99390243902439	0.918032786885246	0.826086956521739	0.988059701492537	0.916666666666667	0.993589743589744	0.988970588235294	0.91304347826087	0.625	0.980769230769231	0.733333333333333	0.961832061068702	0.848484848484849	0.990536277602524	0.987179487179487	0.885714285714286	0.990825688073395	0.911764705882353	0.995454545454545	0.977272727272727	0.842105263157895	1	1	0.992831541218638	0.923076923076923	0.954022988505747	0.990291262135922	0.857142857142857	0.969387755102041
"AqFl2-07"	0.62015503875969	0.915492957746479	1	0.965408805031447	0.958115183246073	0.989130434782609	0	0.985294117647059	0.934707903780069	0.645885286783042	0.996376811594203	0.96600566572238	0.95	0.76158940397351	0.986666666666667	0.996415770609319	0.99288256227758	0.947658402203857	0.637469586374696	0.833333333333333	0.910394265232975	0.691558441558442	0.996402877697842	0.970930232558139	0.626237623762376	0.920863309352518	0.99290780141844	0.941340782122905	0.94750656167979	0.996350364963504	0.628992628992629	0.907801418439716	0.603729603729604	0.897526501766785	0.974522292993631	0.982269503546099	0.673130193905817	0.956678700361011	0.992753623188406	0.946629213483146	0.869791666666667	0.634883720930233	0.866666666666667	0.95970695970696	0.645454545454546	0.99288256227758	0.949238578680203	0.646310432569975	0.934027777777778	0.992779783393502	0.96875	0.989010989010989	0.926229508196721	0.950177935943061	0.655011655011655	0.635714285714286	0.96140350877193	0.960339943342776	0.95	0.679558011049724	0.934782608695652	0.989130434782609	1	1	0.641414141414141	0.890070921985816	0.820338983050847	0.618932038834951	0.996428571428571	0.943952802359882
"AqFl2-08"	0.977611940298508	0.933333333333333	0.555555555555556	0.954545454545455	0.977777777777778	0.733333333333333	0.985294117647059	0	0.863636363636364	0.989285714285714	0.785714285714286	1	0.903225806451613	0.972972972972973	0.926829268292683	0.823529411764706	0.85	0.983333333333333	0.986486486486487	0.958904109589041	0.952380952380952	0.978571428571429	0.8125	0.989247311827957	0.98972602739726	0.947368421052632	0.857142857142857	1	0.970802919708029	0.75	0.989830508474576	0.956521739130435	0.981981981981982	0.869565217391304	0.966666666666667	0.875	0.971830985915493	0.884615384615385	0.8	0.973214285714286	0.988372093023256	0.990740740740741	0.932203389830508	0.8	0.984894259818731	0.904761904761905	0.993464052287582	0.988847583643123	0.931818181818182	0.882352941176471	0.990196078431373	0.769230769230769	0.9609375	0.870967741935484	0.987220447284345	0.990322580645161	0.941176470588235	0.990566037735849	0.866666666666667	0.990740740740741	0.99236641221374	0.944444444444444	1	0.941176470588235	0.989090909090909	0.918367346938776	0.964705882352941	0.990196078431373	0.833333333333333	0.968421052631579
"AqFl2-09"	0.903914590747331	0.71875	0.906976744186046	0.89247311827957	0.911392405063291	0.847826086956522	0.934707903780069	0.863636363636364	0	0.914383561643836	0.840909090909091	0.9140625	0.740740740740741	0.861538461538462	0.818181818181818	0.897959183673469	0.8125	0.931506849315068	0.915584415584416	0.764044943820225	0.852941176470588	0.865384615384615	0.822222222222222	0.915254237288136	0.928338762214984	0.701754385964912	0.862745098039216	0.952054794520548	0.932926829268293	0.886363636363636	0.915032679738562	0.655737704918033	0.92507204610951	0.788732394366197	0.896551724137931	0.78	0.880530973451327	0.764705882352941	0.844444444444444	0.920289855072464	0.916666666666667	0.922388059701493	0.689189189189189	0.816326530612245	0.927536231884058	0.882352941176471	0.937853107344633	0.903225806451613	0.753846153846154	0.847826086956522	0.9296875	0.863636363636364	0.879194630872483	0.69811320754717	0.929878048780488	0.922360248447205	0.793103448275862	0.93984962406015	0.740740740740741	0.899563318777293	0.935897435897436	0.847826086956522	0.979591836734694	0.916666666666667	0.920415224913495	0.808219178082192	0.78	0.924764890282132	0.854166666666667	0.909090909090909
"AqFl2-10"	0.619897959183674	0.910034602076125	1	0.959752321981424	0.93979057591623	0.989399293286219	0.645885286783042	0.989285714285714	0.914383561643836	0	0.98932384341637	0.946175637393768	0.943859649122807	0.750819672131148	0.970198675496689	0.992982456140351	0.982456140350877	0.942934782608696	0.617073170731707	0.83728813559322	0.916376306620209	0.698412698412698	0.985815602836879	0.953623188405797	0.580808080808081	0.903571428571429	0.986062717770035	0.956756756756757	0.9375	0.989247311827957	0.615196078431373	0.879003558718861	0.600461893764434	0.892361111111111	0.94888178913738	0.968421052631579	0.623229461756374	0.954063604240283	0.98936170212766	0.941828254847645	0.872122762148338	0.585714285714286	0.842105263157895	0.960714285714286	0.604166666666667	0.986013986013986	0.936868686868687	0.64572864321608	0.920962199312715	0.985815602836879	0.939828080229226	0.982014388489209	0.918918918918919	0.936619718309859	0.651270207852194	0.602409638554217	0.947916666666667	0.958217270194986	0.943859649122807	0.641456582633053	0.915760869565217	0.98220640569395	0.99645390070922	0.98936170212766	0.602564102564103	0.888888888888889	0.804713804713805	0.601941747572815	0.989473684210526	0.929618768328446
"AqFl2-11"	0.981481481481482	0.886363636363636	0.727272727272727	0.939393939393939	0.954887218045113	0.666666666666667	0.996376811594203	0.785714285714286	0.840909090909091	0.98932384341637	0	0.970873786407767	0.793103448275862	0.973214285714286	0.846153846153846	0.6875	0.666666666666667	0.975	0.986531986531986	0.930555555555556	0.953488372093023	0.978723404255319	0.461538461538462	0.944444444444444	0.993197278911565	0.861111111111111	0.684210526315789	0.991596638655462	0.963503649635037	0.545454545454545	0.986440677966102	0.911111111111111	0.982035928143713	0.872340425531915	0.932203389830508	0.666666666666667	0.976744186046512	0.846153846153846	0.538461538461538	0.945454545454545	0.988439306358382	0.990769230769231	0.896551724137931	0.80952380952381	0.984939759036145	0.8	0.980263157894737	0.988888888888889	0.857142857142857	0.666666666666667	0.96	0.692307692307692	0.94488188976378	0.8	0.990476190476191	0.987096774193548	0.806451612903226	0.981132075471698	0.793103448275862	0.990783410138249	0.968992248062015	0.75	0.9375	0.944444444444444	0.989130434782609	0.897959183673469	0.927710843373494	0.990228013029316	0.705882352941177	0.946808510638298
"AqFl2-12"	0.932352941176471	0.912698412698413	1	0.838235294117647	0.823834196891192	0.971428571428571	0.96600566572238	1	0.9140625	0.946175637393768	0.970873786407767	0	0.957627118644068	0.958974358974359	0.891666666666667	0.981308411214953	0.943396226415094	0.773255813953488	0.940054495912807	0.935483870967742	0.9609375	0.935779816513762	0.961538461538462	0.834394904458599	0.953678474114441	0.915966386554622	0.94392523364486	0.857142857142857	0.808290155440414	0.980392156862745	0.933884297520661	0.921259842519685	0.961165048543689	0.947761194029851	0.847328244274809	0.925925925925926	0.959459459459459	0.973913043478261	0.961165048543689	0.813953488372093	0.809954751131222	0.94949494949495	0.906474820143885	0.972727272727273	0.958333333333333	0.943396226415094	0.808823529411765	0.947521865889213	0.912	0.961538461538462	0.836363636363636	0.970588235294118	0.831578947368421	0.931034482758621	0.95360824742268	0.94488188976378	0.940677966101695	0.804878048780488	0.948717948717949	0.937716262975779	0.785714285714286	0.941176470588235	0.990384615384615	0.971153846153846	0.945402298850575	0.971014492753623	0.940119760479042	0.949868073878628	0.981481481481482	0.816455696202532
"AqFl2-13"	0.934306569343066	0.842105263157895	0.892857142857143	0.951807228915663	0.945945945945946	0.878787878787879	0.95	0.903225806451613	0.740740740740741	0.943859649122807	0.793103448275862	0.957627118644068	0	0.821428571428571	0.784313725490196	0.689655172413793	0.71875	0.931297709923664	0.94	0.810126582278481	0.708333333333333	0.881944444444444	0.766666666666667	0.912621359223301	0.949664429530201	0.739130434782609	0.864864864864865	0.962121212121212	0.953947368421053	0.821428571428571	0.939597315436242	0.821428571428571	0.946902654867257	0.771929824561403	0.888888888888889	0.783783783783784	0.897674418604651	0.617647058823529	0.8	0.936	0.939226519337017	0.951367781155015	0.734375	0.8	0.946428571428571	0.794117647058823	0.951219512195122	0.937728937728938	0.7	0.84375	0.93859649122807	0.827586206896552	0.913669064748201	0.738095238095238	0.949843260188088	0.945859872611465	0.8	0.975409836065574	0.631578947368421	0.907407407407407	0.943661971830986	0.878787878787879	0.785714285714286	0.8	0.923636363636364	0.685185185185185	0.808988764044944	0.948553054662379	0.818181818181818	0.884615384615385
"AqFl2-14"	0.764119601328904	0.876923076923077	0.990909090909091	0.95625	0.951111111111111	0.991379310344828	0.76158940397351	0.972972972972973	0.861538461538462	0.750819672131148	0.973214285714286	0.958974358974359	0.821428571428571	0	0.924242424242424	0.946428571428571	0.93859649122807	0.926829268292683	0.771604938271605	0.765957446808511	0.775862068965517	0.668508287292818	0.964601769911504	0.945054945054945	0.764150943396226	0.789473684210526	0.983333333333333	0.956730769230769	0.965367965367965	0.981981981981982	0.770186335403727	0.793388429752066	0.77247191011236	0.790322580645161	0.940397350993378	0.949579831932773	0.700819672131147	0.855855855855856	0.973451327433628	0.950738916256158	0.894308943089431	0.785714285714286	0.7421875	0.920353982300885	0.784313725490196	0.929203539823009	0.95	0.737201365187713	0.849206349206349	0.955357142857143	0.963917525773196	0.982142857142857	0.915492957746479	0.863247863247863	0.782991202346041	0.780415430267062	0.901639344262295	0.980099502487562	0.852173913043478	0.730923694779116	0.935185185185185	0.964601769911504	0.944444444444444	0.935779816513762	0.716723549488055	0.772357723577236	0.708333333333333	0.777777777777778	0.965217391304348	0.923076923076923
"AqFl2-15"	0.958620689655172	0.882352941176471	0.921052631578947	0.831325301204819	0.885906040268456	0.906976744186046	0.986666666666667	0.926829268292683	0.818181818181818	0.970198675496689	0.846153846153846	0.891666666666667	0.784313725490196	0.924242424242424	0	0.8	0.813953488372093	0.87218045112782	0.952076677316294	0.927835051546392	0.909090909090909	0.963636363636364	0.794871794871795	0.815533980582524	0.971337579617834	0.847457627118644	0.893617021276596	0.927007299270073	0.858108108108108	0.868421052631579	0.951768488745981	0.898550724637681	0.966197183098592	0.933333333333333	0.783783783783784	0.829787234042553	0.926086956521739	0.836734693877551	0.878048780487805	0.856	0.902173913043478	0.961988304093567	0.848101265822785	0.916666666666667	0.971751412429379	0.813953488372093	0.876543209876543	0.954703832752613	0.790322580645161	0.853658536585366	0.84070796460177	0.871794871794872	0.841726618705036	0.854545454545454	0.970149253731343	0.969788519637462	0.896551724137931	0.846153846153846	0.807692307692308	0.935064935064935	0.896551724137931	0.825	0.871794871794872	0.82051282051282	0.959183673469388	0.905405405405405	0.935779816513762	0.972560975609756	0.886363636363636	0.776699029126214
"AqFl2-16"	0.985401459854015	0.938775510204082	0.785714285714286	0.957142857142857	0.963503649635037	0.722222222222222	0.996415770609319	0.823529411764706	0.897959183673469	0.992982456140351	0.6875	0.981308411214953	0.689655172413793	0.946428571428571	0.8	0	0.578947368421053	0.95	0.990033222591362	0.961038961038961	0.857142857142857	0.972027972027972	0.647058823529412	0.934782608695652	0.996644295302013	0.926829268292683	0.782608695652174	0.983471074380165	0.971631205673759	0.733333333333333	0.989966555183946	0.96	0.988200589970501	0.923076923076923	0.918032786885246	0.807692307692308	0.967592592592593	0.68	0.705882352941177	0.956140350877193	0.994350282485876	0.993920972644377	0.901639344262295	0.833333333333333	0.988095238095238	0.772727272727273	0.974025974025974	0.989010989010989	0.813953488372093	0.722222222222222	0.961165048543689	0.75	0.954198473282443	0.852941176470588	0.993730407523511	0.993650793650794	0.888888888888889	0.990909090909091	0.774193548387097	0.981651376146789	0.977443609022556	0.85	0.666666666666667	0.705882352941177	0.981949458483754	0.86	0.954545454545455	0.993569131832797	0.80952380952381	0.926315789473684
"AqFl2-17"	0.970695970695971	0.877551020408163	0.823529411764706	0.944444444444444	0.941605839416058	0.7	0.99288256227758	0.85	0.8125	0.982456140350877	0.666666666666667	0.943396226415094	0.71875	0.93859649122807	0.813953488372093	0.578947368421053	0	0.942622950819672	0.980066445182724	0.907894736842105	0.866666666666667	0.96551724137931	0.631578947368421	0.913978494623656	0.986577181208054	0.825	0.76	0.975609756097561	0.950354609929078	0.777777777777778	0.979933110367893	0.877551020408163	0.979351032448378	0.865384615384615	0.887096774193548	0.740740740740741	0.963302752293578	0.758620689655172	0.684210526315789	0.939130434782609	0.977401129943503	0.984802431610942	0.870967741935484	0.851851851851852	0.979166666666667	0.846153846153846	0.967948717948718	0.978021978021978	0.8	0.555555555555556	0.942307692307692	0.85	0.931297709923664	0.8	0.984326018808777	0.980891719745223	0.837837837837838	0.963636363636364	0.757575757575758	0.972602739726027	0.946969696969697	0.818181818181818	0.722222222222222	0.75	0.974820143884892	0.867924528301887	0.932584269662921	0.983922829581994	0.833333333333333	0.928571428571429
"AqFl2-18"	0.929577464788732	0.930555555555556	0.991525423728814	0.863636363636364	0.798029556650246	0.983739837398374	0.947658402203857	0.983333333333333	0.931506849315068	0.942934782608696	0.975	0.773255813953488	0.931297709923664	0.926829268292683	0.87218045112782	0.95	0.942622950819672	0	0.925925925925926	0.929411764705882	0.936170212765957	0.944915254237288	0.958333333333333	0.780487804878049	0.94750656167979	0.926470588235294	0.968253968253968	0.770491803278688	0.783251231527094	0.983193277310924	0.928381962864722	0.937931034482759	0.937947494033413	0.967320261437909	0.755555555555556	0.936	0.930921052631579	0.9453125	0.975206611570248	0.76536312849162	0.818565400843882	0.94647201946472	0.909677419354839	0.984375	0.947619047619048	0.915966386554622	0.767772511848341	0.926136363636364	0.907142857142857	0.958333333333333	0.777777777777778	0.974789915966387	0.805	0.947761194029851	0.93984962406015	0.936548223350254	0.955882352941177	0.796610169491525	0.914728682170543	0.927152317880795	0.779487179487179	0.940677966101695	0.957264957264957	0.94017094017094	0.91830985915493	0.925675675675676	0.945652173913043	0.935897435897436	0.975806451612903	0.827586206896552
"AqFl2-19"	0.642335766423358	0.904290429042904	0.996621621621622	0.936746987951807	0.915167095115681	0.99	0.637469586374696	0.986486486486487	0.915584415584416	0.617073170731707	0.986531986531986	0.940054495912807	0.94	0.771604938271605	0.952076677316294	0.990033222591362	0.980066445182724	0.925925925925926	0	0.83495145631068	0.913907284768212	0.725373134328358	0.97979797979798	0.947075208913649	0.631205673758865	0.905405405405405	0.983498349834984	0.931034482758621	0.926767676767677	0.986440677966102	0.627358490566038	0.889632107023411	0.630769230769231	0.887417218543046	0.941896024464832	0.970198675496689	0.633152173913043	0.953177257525084	0.986577181208054	0.924528301886792	0.849246231155779	0.617647058823529	0.866013071895425	0.955932203389831	0.616071428571429	0.983443708609272	0.918518518518519	0.630541871921182	0.925324675324675	0.983221476510067	0.903682719546742	0.986486486486487	0.896825396825397	0.929530201342282	0.64027149321267	0.601873536299766	0.947368421052632	0.9375	0.943521594684385	0.646900269541779	0.913838120104439	0.97979797979798	0.996655518394649	0.989966555183946	0.629268292682927	0.887788778877888	0.803858520900322	0.614485981308411	0.98671096345515	0.908571428571429
"AqFl2-20"	0.823943661971831	0.8	0.986111111111111	0.951219512195122	0.941176470588235	0.946666666666667	0.833333333333333	0.958904109589041	0.764044943820225	0.83728813559322	0.930555555555556	0.935483870967742	0.810126582278481	0.765957446808511	0.927835051546392	0.961038961038961	0.907894736842105	0.929411764705882	0.83495145631068	0	0.804597701149425	0.746913580246914	0.917808219178082	0.937931034482759	0.832236842105263	0.734177215189873	0.936708860759494	0.953216374269006	0.953125	0.958333333333333	0.833876221498371	0.744186046511628	0.853448275862069	0.782608695652174	0.939130434782609	0.884615384615385	0.807692307692308	0.844155844155844	0.931506849315068	0.94578313253012	0.880382775119617	0.848214285714286	0.71875	0.894736842105263	0.852173913043478	0.935897435897436	0.950980392156863	0.826855123674912	0.83695652173913	0.917808219178082	0.948387096774194	0.958904109589041	0.909604519774011	0.827160493827161	0.857575757575758	0.845201238390093	0.829268292682927	0.969135802469136	0.839506172839506	0.811965811965812	0.939226519337017	0.932432432432432	0.986666666666667	0.973684210526316	0.83448275862069	0.771739130434783	0.756302521008403	0.843260188087774	0.948051948051948	0.917808219178082
"AqFl2-21"	0.905797101449275	0.848484848484849	1	0.989583333333333	0.968944099378882	0.955555555555556	0.910394265232975	0.952380952380952	0.852941176470588	0.916376306620209	0.953488372093023	0.9609375	0.708333333333333	0.775862068965517	0.909090909090909	0.857142857142857	0.866666666666667	0.936170212765957	0.913907284768212	0.804597701149425	0	0.820689655172414	0.931818181818182	0.948275862068966	0.916107382550336	0.763636363636364	0.980392156862745	0.964788732394366	0.981927710843373	0.976190476190476	0.898648648648649	0.830769230769231	0.920588235294118	0.769230769230769	0.953488372093023	0.942307692307692	0.882352941176471	0.733333333333333	0.930232558139535	0.971223021582734	0.931216931216931	0.917682926829268	0.753424657534247	0.844444444444444	0.916666666666667	0.914893617021277	0.965909090909091	0.897058823529412	0.828125	0.931818181818182	0.968503937007874	0.952380952380952	0.926666666666667	0.875	0.915094339622642	0.907051282051282	0.87719298245614	1	0.76	0.881818181818182	0.974358974358974	0.955555555555556	0.871794871794872	0.878048780487805	0.887272727272727	0.772727272727273	0.804123711340206	0.909385113268608	0.979166666666667	0.923076923076923
"AqFl2-22"	0.706451612903226	0.863636363636364	1	0.962962962962963	0.948412698412698	0.986111111111111	0.691558441558442	0.978571428571429	0.865384615384615	0.698412698412698	0.978723404255319	0.935779816513762	0.881944444444444	0.668508287292818	0.963636363636364	0.972027972027972	0.96551724137931	0.944915254237288	0.725373134328358	0.746913580246914	0.820689655172414	0	0.971830985915493	0.962441314553991	0.697530864197531	0.856164383561644	0.986577181208054	0.953191489361702	0.953125	0.985714285714286	0.700305810397553	0.817567567567568	0.701949860724234	0.830065359477124	0.955801104972376	0.952380952380952	0.689393939393939	0.916666666666667	0.971631205673759	0.947826086956522	0.876865671641791	0.738888888888889	0.782051282051282	0.921428571428571	0.699438202247191	0.951048951048951	0.955390334572491	0.725239616613419	0.87012987012987	0.971830985915493	0.954545454545455	0.985815602836879	0.930041152263374	0.905405405405405	0.749295774647887	0.709677419354839	0.913333333333333	0.969162995594714	0.897260273972603	0.707865168539326	0.942857142857143	0.964539007092199	0.978571428571429	0.971631205673759	0.689320388349515	0.80794701986755	0.735294117647059	0.721407624633431	0.979310344827586	0.943661971830986
"AqFl2-23"	0.977859778597786	0.866666666666667	0.666666666666667	0.925373134328358	0.947761194029851	0.705882352941177	0.996402877697842	0.8125	0.822222222222222	0.985815602836879	0.461538461538462	0.961538461538462	0.766666666666667	0.964601769911504	0.794871794871795	0.647058823529412	0.631578947368421	0.958333333333333	0.97979797979798	0.917808219178082	0.931818181818182	0.971830985915493	0	0.922222222222222	0.989830508474576	0.837837837837838	0.714285714285714	0.974789915966387	0.956521739130435	0.615384615384615	0.983108108108108	0.891304347826087	0.97910447761194	0.854166666666667	0.898305084745763	0.695652173913043	0.967441860465116	0.769230769230769	0.6	0.936936936936937	0.976878612716763	0.987730061349693	0.862068965517241	0.826086956521739	0.981981981981982	0.761904761904762	0.967105263157895	0.985239852398524	0.80952380952381	0.705882352941177	0.95049504950495	0.733333333333333	0.9375	0.8125	0.987341772151899	0.987179487179487	0.818181818181818	0.962264150943396	0.766666666666667	0.981566820276498	0.961538461538462	0.705882352941177	0.882352941176471	0.894736842105263	0.981884057971015	0.88	0.929411764705882	0.987012987012987	0.736842105263158	0.925531914893617
"AqFl2-24"	0.936555891238671	0.913793103448276	0.988888888888889	0.795081967213115	0.793296089385475	0.968085106382979	0.970930232558139	0.989247311827957	0.915254237288136	0.953623188405797	0.944444444444444	0.834394904458599	0.912621359223301	0.945054945054945	0.815533980582524	0.934782608695652	0.913978494623656	0.780487804878049	0.947075208913649	0.937931034482759	0.948275862068966	0.962441314553991	0.922222222222222	0	0.96100278551532	0.917431192660551	0.959183673469388	0.798780487804878	0.796703296703297	0.966666666666667	0.940845070422535	0.932203389830508	0.960099750623441	0.968253968253968	0.738738738738739	0.90625	0.935483870967742	0.940594059405941	0.945054945054945	0.79375	0.844036697247706	0.958868894601542	0.915384615384615	0.98	0.957178841309824	0.913978494623656	0.752688172043011	0.936170212765957	0.873873873873874	0.922222222222222	0.793333333333333	0.955555555555556	0.82122905027933	0.933962264150943	0.946666666666667	0.951742627345844	0.934579439252336	0.774834437086093	0.923076923076923	0.927536231884058	0.8	0.897727272727273	0.943820224719101	0.921348314606742	0.946745562130177	0.96031746031746	0.942675159235669	0.956873315363881	0.96875	0.786206896551724
"AqFl2-25"	0.607052896725441	0.920792079207921	1	0.961194029850746	0.944303797468354	0.989830508474576	0.626237623762376	0.98972602739726	0.928338762214984	0.580808080808081	0.993197278911565	0.953678474114441	0.949664429530201	0.764150943396226	0.971337579617834	0.996644295302013	0.986577181208054	0.94750656167979	0.631205673758865	0.832236842105263	0.916107382550336	0.697530864197531	0.989830508474576	0.96100278551532	0	0.914965986394558	0.986622073578595	0.949868073878628	0.942065491183879	0.989690721649485	0.592682926829268	0.89527027027027	0.589041095890411	0.892976588628763	0.963525835866261	0.98	0.650406504065041	0.959459459459459	0.989795918367347	0.940860215053763	0.873134328358209	0.590697674418605	0.863787375415282	0.958762886597938	0.595890410958904	0.986577181208054	0.922885572139303	0.619047619047619	0.920529801324503	0.989830508474576	0.94475138121547	0.98972602739726	0.932642487046632	0.939189189189189	0.597647058823529	0.610328638497653	0.953488372093023	0.962365591397849	0.953177257525084	0.685185185185185	0.926892950391645	0.982935153583618	1	0.996621621621622	0.6075	0.889632107023411	0.816129032258065	0.576271186440678	0.993288590604027	0.938028169014084
"AqFl2-26"	0.896296296296296	0.714285714285714	0.972222222222222	0.918604651162791	0.934210526315789	0.925	0.920863309352518	0.947368421052632	0.701754385964912	0.903571428571429	0.861111111111111	0.915966386554622	0.739130434782609	0.789473684210526	0.847457627118644	0.926829268292683	0.825	0.926470588235294	0.905405405405405	0.734177215189873	0.763636363636364	0.856164383561644	0.837837837837838	0.917431192660551	0.914965986394558	0	0.909090909090909	0.940740740740741	0.949044585987261	0.916666666666667	0.904761904761905	0.666666666666667	0.919642857142857	0.774193548387097	0.897435897435897	0.813953488372093	0.885321100917431	0.767441860465116	0.864864864864865	0.922480620155039	0.912087912087912	0.913312693498452	0.640625	0.829268292682927	0.918918918918919	0.880952380952381	0.946745562130177	0.903703703703704	0.816666666666667	0.837837837837838	0.923728813559322	0.888888888888889	0.886524822695035	0.770833333333333	0.917460317460317	0.912903225806452	0.8	0.952	0.681818181818182	0.884792626728111	0.924137931034483	0.837837837837838	0.974358974358974	0.923076923076923	0.905797101449275	0.758064516129032	0.741573033707865	0.915309446254072	0.902439024390244	0.910714285714286
"AqFl2-27"	0.974545454545454	0.901960784313726	0.833333333333333	0.945205479452055	0.942028985507246	0.714285714285714	0.99290780141844	0.857142857142857	0.862745098039216	0.986062717770035	0.684210526315789	0.94392523364486	0.864864864864865	0.983333333333333	0.893617021276596	0.782608695652174	0.76	0.968253968253968	0.983498349834984	0.936708860759494	0.980392156862745	0.986577181208054	0.714285714285714	0.959183673469388	0.986622073578595	0.909090909090909	0	1	0.972413793103448	0.722222222222222	0.983388704318937	0.923076923076923	0.976401179941003	0.867924528301887	0.955223880597015	0.793103448275862	0.982062780269058	0.911764705882353	0.761904761904762	0.957627118644068	0.965909090909091	0.984848484848485	0.907692307692308	0.857142857142857	0.982248520710059	0.807692307692308	0.981132075471698	0.985507246376812	0.877551020408163	0.772727272727273	0.962616822429907	0.8	0.955555555555556	0.837837837837838	0.987538940809969	0.987381703470032	0.871794871794872	0.973214285714286	0.894736842105263	0.991071428571429	0.955223880597015	0.826086956521739	1	1	0.98220640569395	0.929824561403509	0.945054945054945	0.983974358974359	0.739130434782609	0.96078431372549
"AqFl2-28"	0.949860724233983	0.944055944055944	1	0.845637583892617	0.818627450980392	1	0.941340782122905	1	0.952054794520548	0.956756756756757	0.991596638655462	0.857142857142857	0.962121212121212	0.956730769230769	0.927007299270073	0.983471074380165	0.975609756097561	0.770491803278688	0.931034482758621	0.953216374269006	0.964788732394366	0.953191489361702	0.974789915966387	0.798780487804878	0.949868073878628	0.940740740740741	1	0	0.792079207920792	1	0.94750656167979	0.951388888888889	0.942583732057416	0.980263157894737	0.829787234042553	0.976377952755906	0.944262295081967	0.960629921259842	0.983193277310924	0.815217391304348	0.779735682819383	0.940886699507389	0.942675159235669	0.992063492063492	0.949760765550239	0.95	0.776190476190476	0.943661971830986	0.936170212765957	0.983333333333333	0.822857142857143	0.974137931034483	0.808080808080808	0.962406015037594	0.934010152284264	0.944162436548223	0.977941176470588	0.793103448275862	0.954198473282443	0.944078947368421	0.794871794871795	0.974789915966387	0.982905982905983	0.974576271186441	0.935754189944134	0.96	0.956284153005464	0.946291560102302	0.983606557377049	0.824561403508772
"AqFl2-29"	0.933155080213904	0.945121951219512	0.970149253731343	0.824242424242424	0.729468599033816	0.978723404255319	0.94750656167979	0.970802919708029	0.932926829268293	0.9375	0.963503649635037	0.808290155440414	0.953947368421053	0.965367965367965	0.858108108108108	0.971631205673759	0.950354609929078	0.783251231527094	0.926767676767677	0.953125	0.981927710843373	0.953125	0.956521739130435	0.796703296703297	0.942065491183879	0.949044585987261	0.972413793103448	0.792079207920792	0	0.962962962962963	0.934508816120907	0.951515151515152	0.930875576036866	0.970930232558139	0.727891156462585	0.929577464788732	0.93167701863354	0.952380952380952	0.956204379562044	0.743455497382199	0.774590163934426	0.946386946386946	0.937853107344633	0.972413793103448	0.942660550458716	0.942857142857143	0.754464285714286	0.929919137466307	0.925	0.971428571428571	0.774193548387097	0.970802919708029	0.783018867924528	0.954248366013072	0.932367149758454	0.923832923832924	0.933774834437086	0.739130434782609	0.94	0.944615384615385	0.733990147783251	0.956521739130435	0.992857142857143	0.971223021582734	0.931034482758621	0.952941176470588	0.940298507462687	0.931034482758621	0.957142857142857	0.754189944134078
"AqFl2-30"	0.985130111524164	0.931818181818182	0.666666666666667	0.920634920634921	0.962121212121212	0.714285714285714	0.996350364963504	0.75	0.886363636363636	0.989247311827957	0.545454545454545	0.980392156862745	0.821428571428571	0.981981981981982	0.868421052631579	0.733333333333333	0.777777777777778	0.983193277310924	0.986440677966102	0.958333333333333	0.976190476190476	0.985714285714286	0.615384615384615	0.966666666666667	0.989690721649485	0.916666666666667	0.722222222222222	1	0.962962962962963	0	0.989795918367347	0.931818181818182	0.984984984984985	0.891304347826087	0.948275862068966	0.761904761904762	0.981308411214953	0.88	0.692307692307692	0.944444444444444	0.988304093567251	0.993827160493827	0.912280701754386	0.789473684210526	0.987915407854985	0.842105263157895	0.98	0.992565055762082	0.878048780487805	0.8	0.96969696969697	0.636363636363636	0.960629921259842	0.827586206896552	0.987179487179487	0.990291262135922	0.833333333333333	0.980769230769231	0.862068965517241	0.99537037037037	0.968503937007874	0.8	1	1	0.989051094890511	0.916666666666667	0.951807228915663	0.986842105263158	0.666666666666667	0.945652173913043
"AqFl2-31"	0.599496221662469	0.903654485049834	0.996598639455782	0.945945945945946	0.934010152284264	0.98993288590604	0.628992628992629	0.989830508474576	0.915032679738562	0.615196078431373	0.986440677966102	0.933884297520661	0.939597315436242	0.770186335403727	0.951768488745981	0.989966555183946	0.979933110367893	0.928381962864722	0.627358490566038	0.833876221498371	0.898648648648649	0.700305810397553	0.983108108108108	0.940845070422535	0.592682926829268	0.904761904761905	0.983388704318937	0.94750656167979	0.934508816120907	0.989795918367347	0	0.877551020408163	0.598194130925508	0.897689768976898	0.948012232415902	0.97	0.634877384196185	0.952861952861953	0.983050847457627	0.921195652173913	0.857142857142857	0.619047619047619	0.857615894039735	0.955631399317406	0.589041095890411	0.976510067114094	0.918114143920596	0.621890547263682	0.914191419141914	0.983108108108108	0.927576601671309	0.986394557823129	0.907894736842105	0.932659932659933	0.650900900900901	0.632183908045977	0.947019867549669	0.948648648648649	0.939597315436242	0.663101604278075	0.927461139896373	0.976190476190476	0.996632996632997	0.98989898989899	0.613861386138614	0.890728476821192	0.802588996763754	0.606132075471698	0.986622073578595	0.923512747875354
"AqFl2-32"	0.875	0.688524590163934	0.977272727272727	0.925531914893617	0.9375	0.9375	0.907801418439716	0.956521739130435	0.655737704918033	0.879003558718861	0.911111111111111	0.921259842519685	0.821428571428571	0.793388429752066	0.898550724637681	0.96	0.877551020408163	0.937931034482759	0.889632107023411	0.744186046511628	0.830769230769231	0.817567567567568	0.891304347826087	0.932203389830508	0.89527027027027	0.666666666666667	0.923076923076923	0.951388888888889	0.951515151515152	0.931818181818182	0.877551020408163	0	0.899109792284866	0.746268656716418	0.919540229885057	0.865384615384615	0.848623853211009	0.826923076923077	0.91304347826087	0.927007299270073	0.91005291005291	0.905487804878049	0.623188405797101	0.857142857142857	0.901492537313433	0.92156862745098	0.955056179775281	0.882352941176471	0.784615384615385	0.891304347826087	0.9453125	0.909090909090909	0.9	0.759259259259259	0.895569620253165	0.894230769230769	0.827586206896552	0.954887218045113	0.777777777777778	0.868778280542986	0.928104575163399	0.866666666666667	1	0.958333333333333	0.888888888888889	0.802816901408451	0.75	0.892857142857143	0.94	0.907563025210084
"AqFl2-33"	0.611627906976744	0.921511627906977	0.990990990990991	0.957446808510638	0.915294117647059	0.982142857142857	0.603729603729604	0.981981981981982	0.92507204610951	0.600461893764434	0.982035928143713	0.961165048543689	0.946902654867257	0.77247191011236	0.966197183098592	0.988200589970501	0.979351032448378	0.937947494033413	0.630769230769231	0.853448275862069	0.920588235294118	0.701949860724234	0.97910447761194	0.960099750623441	0.589041095890411	0.919642857142857	0.976401179941003	0.942583732057416	0.930875576036866	0.984984984984985	0.598194130925508	0.899109792284866	0	0.887240356083086	0.96505376344086	0.967551622418879	0.634760705289673	0.955489614243323	0.979041916167665	0.942028985507246	0.880630630630631	0.58695652173913	0.871345029239766	0.957957957957958	0.551648351648352	0.979351032448378	0.942350332594235	0.616279069767442	0.921282798833819	0.985163204747775	0.955882352941177	0.981981981981982	0.919431279620853	0.93452380952381	0.602620087336245	0.596026490066225	0.9533527696793	0.953771289537713	0.953079178885631	0.674019607843137	0.929411764705882	0.97910447761194	1	0.997058823529412	0.57919621749409	0.887573964497041	0.815561959654179	0.557077625570776	0.985250737463127	0.942211055276382
