""	"AqFl2-01"	"AqFl2-02"	"AqFl2-03"	"AqFl2-04"	"AqFl2-05"	"AqFl2-06"	"AqFl2-07"	"AqFl2-08"	"AqFl2-09"	"AqFl2-10"	"AqFl2-11"	"AqFl2-12"	"AqFl2-13"	"AqFl2-14"	"AqFl2-15"	"AqFl2-16"	"AqFl2-17"	"AqFl2-18"	"AqFl2-19"	"AqFl2-20"	"AqFl2-21"	"AqFl2-22"	"AqFl2-23"	"AqFl2-24"	"AqFl2-25"	"AqFl2-26"	"AqFl2-27"	"AqFl2-28"	"AqFl2-29"	"AqFl2-30"	"AqFl2-31"	"AqFl2-32"	"AqFl2-33"	"AqFl2-34"	"AqFl2-35"	"AqFl2-36"	"AqFl2-37"	"AqFl2-38"	"AqFl2-39"	"AqFl2-40"	"AqFl2-42"	"AqFl2-43"	"AqFl2-44"	"AqFl2-45"	"AqFl2-46"	"AqFl2-47"	"AqFl2-48"	"AqFl2-49"	"AqFl2-50"	"AqFl2-51"	"AqFl2-52"	"AqFl2-53"	"AqFl2-54"	"AqFl2-55"	"AqFl2-56"	"AqFl2-57"	"AqFl2-58"	"AqFl2-59"	"AqFl2-61"	"AqFl2-62"	"AqFl2-63"	"AqFl2-64"	"AqFl2-65"	"AqFl2-66"	"AqFl2-67"	"AqFl2-68"	"AqFl2-69"	"AqFl2-70"	"AqFl2-71"	"AqFl2-72"
"AqFl2-01"	0	0.892361111111111	0.996491228070175	0.934782608695652	0.920844327176781	0.986111111111111	0.633004926108374	0.98943661971831	0.918918918918919	0.618090452261307	0.986062717770035	0.944444444444444	0.955017301038062	0.729299363057325	0.957516339869281	0.986111111111111	0.979452054794521	0.933884297520661	0.622641509433962	0.820598006644518	0.924137931034483	0.730538922155689	0.975438596491228	0.935483870967742	0.601941747572815	0.905263157894737	0.976027397260274	0.943089430894309	0.917989417989418	0.985964912280702	0.5470737913486	0.886206896551724	0.6	0.883161512027491	0.930817610062893	0.969072164948454	0.636111111111111	0.944250871080139	0.986013986013986	0.914364640883978	0.832080200501253	0.613207547169811	0.849315068493151	0.957894736842105	0.608200455580866	0.979310344827586	0.930051813471503	0.639902676399027	0.907849829351536	0.975609756097561	0.943661971830986	0.986013986013986	0.885558583106267	0.933797909407665	0.636986301369863	0.62200956937799	0.945578231292517	0.925501432664756	0.934256055363322	0.623978201634877	0.907356948228883	0.975694444444444	0.996503496503496	0.992982456140351	0.599502487562189	0.898989898989899	0.794701986754967	0.612590799031477	0.986159169550173	0.935672514619883
"AqFl2-02"	0.892361111111111	0	0.976190476190476	0.901098901098901	0.935897435897436	0.886363636363636	0.927835051546392	0.926829268292683	0.737704918032787	0.907473309608541	0.883720930232558	0.921259842519685	0.843137254901961	0.861313868613139	0.898550724637681	0.911111111111111	0.854166666666667	0.933333333333333	0.917460317460317	0.808510638297872	0.830508474576271	0.889570552147239	0.833333333333333	0.918918918918919	0.936102236421725	0.767857142857143	0.88	0.934782608695652	0.949367088607595	0.904761904761905	0.913907284768212	0.709677419354839	0.934718100890208	0.776119402985075	0.897727272727273	0.882352941176471	0.882882882882883	0.8	0.906976744186046	0.905109489051095	0.91219512195122	0.911671924290221	0.708333333333333	0.826086956521739	0.930232558139535	0.918367346938776	0.9375	0.906574394463668	0.815384615384615	0.866666666666667	0.926829268292683	0.906976744186046	0.893333333333333	0.811320754716981	0.924012158054711	0.918831168831169	0.824561403508772	0.935483870967742	0.796296296296296	0.885106382978723	0.910344827586207	0.844444444444444	0.976744186046512	0.952380952380952	0.907849829351536	0.864864864864865	0.801980198019802	0.932038834951456	0.91304347826087	0.90990990990991
"AqFl2-03"	0.996491228070175	0.976190476190476	0	0.936507936507937	0.976923076923077	0.769230769230769	1	0.625	0.9	1	0.75	0.980392156862745	0.869565217391304	1	0.951219512195122	0.769230769230769	0.777777777777778	1	1	0.987179487179487	1	1	0.769230769230769	0.976470588235294	1	0.971428571428571	0.85	0.991150442477876	0.968992248062015	0.555555555555556	1	0.978260869565217	0.990712074303406	0.934782608695652	0.984126984126984	0.857142857142857	0.985849056603774	0.875	0.727272727272727	0.973684210526316	0.98936170212766	0.996784565916399	0.96551724137931	0.833333333333333	0.997005988023952	0.888888888888889	1	0.99288256227758	0.926829268292683	0.941176470588235	1	0.727272727272727	0.976923076923077	0.888888888888889	1	1	0.9375	0.989795918367347	0.896551724137931	1	0.983739837398374	0.882352941176471	1	0.9	0.996503496503496	0.9375	0.976744186046512	1	0.692307692307692	0.988505747126437
"AqFl2-04"	0.934782608695652	0.901098901098901	0.936507936507937	0	0.789808917197452	0.942028985507246	0.962962962962963	0.953846153846154	0.913978494623656	0.939102564102564	0.941176470588235	0.833333333333333	0.949367088607595	0.93491124260355	0.837209302325581	0.942028985507246	0.932432432432432	0.825174825174825	0.938953488372093	0.9375	0.989130434782609	0.975	0.91044776119403	0.829268292682927	0.965217391304348	0.943181818181818	0.933333333333333	0.8125	0.805031446540881	0.923076923076923	0.939759036144578	0.927835051546392	0.953551912568306	0.96078431372549	0.813725490196078	0.89041095890411	0.929133858267717	0.936708860759494	0.924242424242424	0.765957446808511	0.845794392523365	0.933526011560694	0.916666666666667	0.945945945945946	0.951871657754011	0.915492957746479	0.802469135802469	0.934169278996865	0.89010989010989	0.958333333333333	0.8	0.907692307692308	0.789808917197452	0.9125	0.952908587257618	0.959183673469388	0.954022988505747	0.752	0.927710843373494	0.940740740740741	0.778523489932886	0.898550724637681	1	0.985074626865672	0.948012232415902	0.971428571428571	0.949275362318841	0.952662721893491	0.927536231884058	0.801652892561983
"AqFl2-05"	0.920844327176781	0.935897435897436	0.976923076923077	0.789808917197452	0	0.946969696969697	0.953125	0.969230769230769	0.92258064516129	0.938502673796791	0.954545454545455	0.823834196891192	0.958041958041958	0.944206008583691	0.885906040268456	0.954887218045113	0.941605839416058	0.768421052631579	0.925187032418953	0.931216931216931	0.974193548387097	0.957692307692308	0.938931297709924	0.8	0.960687960687961	0.953947368421053	0.926470588235294	0.803030303030303	0.738916256157635	0.961832061068702	0.919896640826873	0.944099378881988	0.92326139088729	0.957575757575758	0.801282051282051	0.927007299270073	0.926984126984127	0.958333333333333	0.946153846153846	0.793969849246231	0.762845849802372	0.933823529411765	0.929824561403509	0.964028776978417	0.942263279445728	0.948529411764706	0.767772511848341	0.923076923076923	0.915584415584416	0.955555555555556	0.8	0.946153846153846	0.763285024154589	0.9375	0.940334128878282	0.93984962406015	0.946308724832215	0.786885245901639	0.966666666666667	0.939759036144578	0.766169154228856	0.924242424242424	0.992481203007519	0.984848484848485	0.926701570680628	0.976470588235294	0.939698492462312	0.947368421052632	0.970588235294118	0.807909604519774
"AqFl2-06"	0.986111111111111	0.886363636363636	0.769230769230769	0.942028985507246	0.946969696969697	0	0.996478873239437	0.692307692307692	0.80952380952381	0.992805755395683	0.6	0.942307692307692	0.857142857142857	0.984251968503937	0.911111111111111	0.705882352941177	0.6	0.982608695652174	0.993589743589744	0.950617283950617	0.975609756097561	0.993464052287582	0.625	0.955056179775281	0.99672131147541	0.894736842105263	0.681818181818182	0.983050847457627	0.97037037037037	0.642857142857143	0.993311036789298	0.918367346938776	0.984709480122324	0.877551020408163	0.955223880597015	0.75	0.981566820276498	0.862068965517241	0.571428571428571	0.948717948717949	0.973821989528796	0.990476190476191	0.918032786885246	0.826086956521739	0.98813056379822	0.869565217391304	0.992957746478873	0.985964912280702	0.888888888888889	0.588235294117647	0.970588235294118	0.666666666666667	0.954887218045113	0.8	0.993846153846154	0.99009900990099	0.823529411764706	0.980582524271845	0.914285714285714	0.991416309012876	0.96031746031746	0.75	1	0.9375	0.993127147766323	0.944444444444444	0.943820224719101	0.996688741721854	0.789473684210526	0.967032967032967
"AqFl2-07"	0.633004926108374	0.927835051546392	1	0.962962962962963	0.953125	0.996478873239437	0	0.992805755395683	0.938983050847458	0.621827411167513	1	0.969613259668508	0.961267605633803	0.735483870967742	0.987012987012987	1	0.996551724137931	0.961748633879781	0.616306954436451	0.843853820598007	0.926056338028169	0.708978328173375	0.996478873239437	0.977011494252874	0.588089330024814	0.92226148409894	0.993103448275862	0.956403269754768	0.961240310077519	1	0.617647058823529	0.910344827586207	0.60981308411215	0.888111888111888	0.981651376146789	0.986159169550173	0.64804469273743	0.957746478873239	0.99288256227758	0.945355191256831	0.872235872235872	0.626477541371158	0.877133105802048	0.964285714285714	0.595348837209302	0.996527777777778	0.942708333333333	0.673076923076923	0.946127946127946	0.996503496503496	0.966292134831461	0.99288256227758	0.930851063829787	0.943462897526502	0.621495327102804	0.628915662650602	0.958762886597938	0.977777777777778	0.947552447552448	0.689473684210526	0.949333333333333	0.993006993006993	1	1	0.599496221662469	0.904109589041096	0.829508196721311	0.595533498759305	0.996491228070175	0.965217391304348
"AqFl2-08"	0.98943661971831	0.926829268292683	0.625	0.953846153846154	0.969230769230769	0.692307692307692	0.992805755395683	0	0.875	0.996350364963504	0.769230769230769	0.980582524271845	0.826086956521739	0.991869918699187	0.952380952380952	0.785714285714286	0.85	0.990990990990991	0.996753246753247	0.974358974358974	1	0.993243243243243	0.785714285714286	0.988505747126437	0.996666666666667	0.942857142857143	0.8	0.991228070175439	0.977099236641221	0.727272727272727	0.996610169491525	0.956521739130435	0.987616099071207	0.91304347826087	0.984375	0.863636363636364	0.981132075471698	0.88	0.75	0.973913043478261	0.984042553191489	0.993569131832797	0.948275862068966	0.842105263157895	0.994011976047904	0.894736842105263	1	0.98932384341637	0.928571428571429	0.882352941176471	1	0.75	0.969230769230769	0.892857142857143	0.996884735202492	0.996666666666667	0.90625	0.98989898989899	0.862068965517241	0.995633187772926	0.983870967741935	0.888888888888889	1	0.909090909090909	0.993006993006993	0.916666666666667	0.965116279069767	0.996632996632997	0.8	0.988636363636364
"AqFl2-09"	0.918918918918919	0.737704918032787	0.9	0.913978494623656	0.92258064516129	0.80952380952381	0.938983050847458	0.875	0	0.930555555555556	0.833333333333333	0.930232558139535	0.775510204081633	0.878571428571429	0.884057971014493	0.863636363636364	0.782608695652174	0.949275362318841	0.927899686520376	0.78494623655914	0.833333333333333	0.896969696969697	0.75	0.929203539823009	0.946372239747634	0.75	0.836734693877551	0.942857142857143	0.943037974683544	0.853658536585366	0.921311475409836	0.693548387096774	0.931750741839763	0.761194029850746	0.923076923076923	0.816326530612245	0.898230088495575	0.729166666666667	0.857142857142857	0.921428571428571	0.912621359223301	0.928792569659443	0.72972972972973	0.804347826086957	0.939655172413793	0.897959183673469	0.944444444444444	0.910652920962199	0.8	0.869565217391304	0.944444444444444	0.857142857142857	0.894039735099338	0.769230769230769	0.937125748502994	0.932907348242812	0.807017543859649	0.944444444444444	0.754716981132076	0.908713692946058	0.932885906040268	0.795454545454545	0.977272727272727	0.953488372093023	0.922818791946309	0.819444444444444	0.815533980582524	0.942492012779553	0.840909090909091	0.939130434782609
"AqFl2-10"	0.618090452261307	0.907473309608541	1	0.939102564102564	0.938502673796791	0.992805755395683	0.621827411167513	0.996350364963504	0.930555555555556	0	0.992779783393502	0.939481268011527	0.956834532374101	0.722772277227723	0.959322033898305	0.992805755395683	0.985815602836879	0.931623931623932	0.61501210653753	0.829351535836177	0.924731182795699	0.716510903426791	0.981818181818182	0.949101796407186	0.607407407407407	0.91304347826087	0.97864768683274	0.932203389830508	0.935656836461126	0.992727272727273	0.612903225806452	0.885304659498208	0.621495327102804	0.890070921985816	0.955414012738854	0.97508896797153	0.646892655367232	0.945652173913043	0.992753623188406	0.917613636363636	0.853535353535353	0.631828978622328	0.851063829787234	0.967391304347826	0.587264150943396	0.985714285714286	0.924932975871314	0.642679900744417	0.923076923076923	0.989247311827957	0.941690962099125	0.989090909090909	0.909340659340659	0.934782608695652	0.623529411764706	0.59	0.950704225352113	0.941690962099125	0.939068100358423	0.641873278236915	0.91340782122905	0.985663082437276	0.996350364963504	0.996350364963504	0.629353233830846	0.898601398601399	0.802721088435374	0.600997506234414	0.989208633093525	0.920245398773006
"AqFl2-11"	0.986062717770035	0.883720930232558	0.75	0.941176470588235	0.954545454545455	0.6	1	0.769230769230769	0.833333333333333	0.992779783393502	0	0.951923076923077	0.807692307692308	0.976	0.883720930232558	0.6875	0.65	0.982456140350877	0.990322580645161	0.936708860759494	0.948717948717949	0.986754966887417	0.5	0.942528735632184	0.996710526315789	0.891891891891892	0.727272727272727	0.982905982905983	0.962406015037594	0.5	0.993288590604027	0.893617021276596	0.984662576687117	0.897959183673469	0.938461538461538	0.681818181818182	0.976744186046512	0.814814814814815	0.538461538461538	0.957264957264957	0.973684210526316	0.987220447284345	0.898305084745763	0.818181818181818	0.991097922848665	0.80952380952381	0.985714285714286	0.985915492957746	0.86046511627907	0.722222222222222	0.96	0.642857142857143	0.946564885496183	0.793103448275862	0.993827160493827	0.990066225165563	0.818181818181818	0.97029702970297	0.84375	0.987012987012987	0.96	0.666666666666667	0.933333333333333	0.857142857142857	0.98961937716263	0.923076923076923	0.931034482758621	0.996677740863787	0.705882352941177	0.955056179775281
"AqFl2-12"	0.944444444444444	0.921259842519685	0.980392156862745	0.833333333333333	0.823834196891192	0.942307692307692	0.969613259668508	0.980582524271845	0.930232558139535	0.939481268011527	0.951923076923077	0	0.956521739130435	0.941463414634146	0.877049180327869	0.962264150943396	0.935779816513762	0.78698224852071	0.953125	0.932098765432099	0.96	0.956896551724138	0.932038834951456	0.809210526315789	0.963157894736842	0.934426229508197	0.926605504587156	0.837988826815642	0.817708333333333	0.961165048543689	0.937158469945355	0.931818181818182	0.95	0.948529411764706	0.838235294117647	0.917431192660551	0.93448275862069	0.956896551724138	0.941176470588235	0.773255813953488	0.796610169491525	0.934383202099738	0.915492957746479	0.954545454545455	0.956204379562044	0.944444444444444	0.815384615384615	0.935028248587571	0.904761904761905	0.953271028037383	0.844311377245509	0.951456310679612	0.798941798941799	0.921739130434783	0.959899749373434	0.946524064171123	0.942148760330578	0.815950920245399	0.958677685950413	0.947882736156352	0.790055248618785	0.933962264150943	1	0.980582524271845	0.935754189944134	0.971631205673759	0.929411764705882	0.960106382978723	0.972222222222222	0.833333333333333
"AqFl2-13"	0.955017301038062	0.843137254901961	0.869565217391304	0.949367088607595	0.958041958041958	0.857142857142857	0.961267605633803	0.826086956521739	0.775510204081633	0.956834532374101	0.807692307692308	0.956521739130435	0	0.879032258064516	0.843137254901961	0.666666666666667	0.733333333333333	0.941666666666667	0.958199356913183	0.869047619047619	0.731707317073171	0.899328859060403	0.769230769230769	0.927083333333333	0.967320261437909	0.761904761904762	0.852941176470588	0.968253968253968	0.950704225352113	0.791666666666667	0.963333333333333	0.833333333333333	0.954128440366973	0.839285714285714	0.933333333333333	0.787878787878788	0.915492957746479	0.696969696969697	0.846153846153846	0.944444444444444	0.938144329896907	0.955414012738854	0.8125	0.724137931034483	0.961538461538462	0.838709677419355	0.959183673469388	0.947183098591549	0.775510204081633	0.866666666666667	0.973214285714286	0.846153846153846	0.920289855072464	0.789473684210526	0.959876543209877	0.963934426229508	0.75	0.973214285714286	0.628571428571429	0.925438596491228	0.955555555555556	0.870967741935484	0.826086956521739	0.714285714285714	0.944250871080139	0.735849056603774	0.857142857142857	0.966996699669967	0.821428571428571	0.927835051546392
"AqFl2-14"	0.729299363057325	0.861313868613139	1	0.93491124260355	0.944206008583691	0.984251968503937	0.735483870967742	0.991869918699187	0.878571428571429	0.722772277227723	0.976	0.941463414634146	0.879032258064516	0	0.909090909090909	0.959677419354839	0.953488372093023	0.923076923076923	0.72809667673716	0.753246753246753	0.826771653543307	0.681818181818182	0.959677419354839	0.924731182795699	0.748484848484849	0.8359375	0.961832061068702	0.944186046511628	0.939655172413793	0.975609756097561	0.708860759493671	0.814814814814815	0.745714285714286	0.8	0.940119760479042	0.946153846153846	0.698412698412698	0.861788617886179	0.984	0.925233644859813	0.856603773584906	0.746312684365782	0.79020979020979	0.919354838709677	0.734463276836158	0.9609375	0.931623931623932	0.754716981132076	0.845588235294118	0.952	0.934673366834171	0.975806451612903	0.886877828054299	0.891472868217054	0.738372093023256	0.737003058103975	0.886363636363636	0.955665024630542	0.8671875	0.694656488549618	0.927927927927928	0.976744186046512	0.966666666666667	0.957983193277311	0.713826366559486	0.776119402985075	0.735849056603774	0.746177370030581	0.976377952755906	0.913513513513514
"AqFl2-15"	0.957516339869281	0.898550724637681	0.951219512195122	0.837209302325581	0.885906040268456	0.911111111111111	0.987012987012987	0.952380952380952	0.884057971014493	0.959322033898305	0.883720930232558	0.877049180327869	0.843137254901961	0.909090909090909	0	0.775	0.829787234042553	0.857142857142857	0.963525835866261	0.923076923076923	0.887096774193548	0.965714285714286	0.804878048780488	0.83495145631068	0.981651376146789	0.904761904761905	0.923076923076923	0.886363636363636	0.855172413793103	0.878048780487805	0.952076677316294	0.904109589041096	0.959420289855072	0.962025316455696	0.845238095238095	0.86	0.935622317596567	0.846153846153846	0.906976744186046	0.854961832061069	0.901477832512315	0.944954128440367	0.879518072289157	0.941176470588235	0.966292134831461	0.795454545454545	0.866666666666667	0.94314381270903	0.796875	0.866666666666667	0.88135593220339	0.880952380952381	0.863013698630137	0.894736842105263	0.970930232558139	0.962616822429907	0.901639344262295	0.831858407079646	0.859649122807018	0.930612244897959	0.863309352517986	0.844444444444444	0.9	0.871794871794872	0.950819672131147	0.909090909090909	0.93859649122807	0.978328173374613	0.91304347826087	0.79
"AqFl2-16"	0.986111111111111	0.911111111111111	0.769230769230769	0.942028985507246	0.954887218045113	0.705882352941177	1	0.785714285714286	0.863636363636364	0.992805755395683	0.6875	0.962264150943396	0.666666666666667	0.959677419354839	0.775	0	0.6	0.955357142857143	0.990353697749196	0.950617283950617	0.833333333333333	0.980132450331126	0.533333333333333	0.918604651162791	1	0.95	0.791666666666667	0.983050847457627	0.962686567164179	0.642857142857143	0.993311036789298	0.918367346938776	0.984709480122324	0.92156862745098	0.90625	0.75	0.962441314553991	0.730769230769231	0.75	0.957627118644068	0.968421052631579	0.987261146496815	0.918032786885246	0.826086956521739	0.994100294985251	0.7	0.963768115942029	0.978798586572438	0.780487804878049	0.736842105263158	0.970588235294118	0.666666666666667	0.946969696969697	0.875	0.993846153846154	0.993421052631579	0.857142857142857	0.970588235294118	0.733333333333333	0.973799126637555	0.968503937007874	0.75	0.692307692307692	0.583333333333333	0.979094076655052	0.836734693877551	0.955555555555556	1	0.789473684210526	0.919540229885057
"AqFl2-17"	0.979452054794521	0.854166666666667	0.777777777777778	0.932432432432432	0.941605839416058	0.6	0.996551724137931	0.85	0.782608695652174	0.985815602836879	0.65	0.935779816513762	0.733333333333333	0.953488372093023	0.829787234042553	0.6	0	0.957627118644068	0.984126984126984	0.916666666666667	0.883720930232558	0.967741935483871	0.6	0.9	0.993548387096774	0.883720930232558	0.75	0.967213114754098	0.949275362318841	0.684210526315789	0.986798679867987	0.865384615384615	0.981927710843373	0.890909090909091	0.914285714285714	0.714285714285714	0.958715596330275	0.741935483870968	0.7	0.951219512195122	0.958762886597938	0.981132075471698	0.857142857142857	0.862068965517241	0.985380116959064	0.769230769230769	0.972413793103448	0.97212543554007	0.808510638297872	0.636363636363636	0.952830188679245	0.761904761904762	0.933823529411765	0.8	0.987841945288754	0.98371335504886	0.85	0.952830188679245	0.810810810810811	0.97008547008547	0.954198473282443	0.708333333333333	0.789473684210526	0.722222222222222	0.972508591065292	0.854545454545454	0.924731182795699	0.993485342019544	0.791666666666667	0.924731182795699
"AqFl2-18"	0.933884297520661	0.933333333333333	1	0.825174825174825	0.768421052631579	0.982608695652174	0.961748633879781	0.990990990990991	0.949275362318841	0.931623931623932	0.982456140350877	0.78698224852071	0.941666666666667	0.923076923076923	0.857142857142857	0.955357142857143	0.957627118644068	0	0.932114882506527	0.922155688622755	0.954198473282443	0.944915254237288	0.955357142857143	0.810126582278481	0.958441558441558	0.954198473282443	0.957983193277311	0.778409090909091	0.78125	0.982142857142857	0.92972972972973	0.942857142857143	0.950859950859951	0.979591836734694	0.786764705882353	0.940677966101695	0.932432432432432	0.942148760330578	0.982300884955752	0.795580110497238	0.807377049180328	0.9328165374677	0.926666666666667	0.983333333333333	0.939172749391727	0.919642857142857	0.797979797979798	0.91830985915493	0.909774436090226	0.965217391304348	0.780487804878049	0.982300884955752	0.787564766839378	0.96031746031746	0.931645569620253	0.939153439153439	0.961538461538462	0.802395209580838	0.944444444444444	0.942307692307692	0.804232804232804	0.947368421052632	0.962962962962963	0.962962962962963	0.916201117318436	0.944444444444444	0.94413407821229	0.938666666666667	0.982758620689655	0.826086956521739
"AqFl2-19"	0.622641509433962	0.917460317460317	1	0.938953488372093	0.925187032418953	0.993589743589744	0.616306954436451	0.996753246753247	0.927899686520376	0.61501210653753	0.990322580645161	0.953125	0.958199356913183	0.72809667673716	0.963525835866261	0.990353697749196	0.984126984126984	0.932114882506527	0	0.825545171339564	0.92948717948718	0.722063037249284	0.980519480519481	0.962264150943396	0.625287356321839	0.92258064516129	0.977707006369427	0.935400516795866	0.946210268948655	0.99025974025974	0.62093023255814	0.883495145631068	0.591422121896163	0.891373801916933	0.956772334293948	0.974522292993631	0.660574412532637	0.951612903225806	0.990291262135922	0.907894736842105	0.829736211031175	0.604118993135011	0.856230031948882	0.967637540453074	0.611842105263158	0.987261146496815	0.928571428571429	0.667431192660551	0.927899686520376	0.983922829581994	0.935656836461126	0.987012987012987	0.906091370558376	0.938511326860841	0.602708803611738	0.609302325581395	0.949367088607595	0.94973544973545	0.942307692307692	0.645244215938303	0.923664122137405	0.980707395498392	0.996753246753247	0.996753246753247	0.623529411764706	0.909375	0.819571865443425	0.6	0.990384615384615	0.930747922437673
"AqFl2-20"	0.820598006644518	0.808510638297872	0.987179487179487	0.9375	0.931216931216931	0.950617283950617	0.843853820598007	0.974358974358974	0.78494623655914	0.829351535836177	0.936708860759494	0.932098765432099	0.869047619047619	0.753246753246753	0.923076923076923	0.950617283950617	0.916666666666667	0.922155688622755	0.825545171339564	0	0.820224719101124	0.774011299435028	0.896103896103896	0.931506849315068	0.83596214511041	0.734939759036145	0.917647058823529	0.942196531791908	0.947916666666667	0.948717948717949	0.833333333333333	0.765957446808511	0.841642228739003	0.770833333333333	0.91869918699187	0.879518072289157	0.791489361702128	0.784810126582278	0.949367088607595	0.931034482758621	0.859030837004405	0.827692307692308	0.71	0.875	0.852272727272727	0.927710843373494	0.943589743589744	0.826666666666667	0.846938775510204	0.925925925925926	0.943396226415094	0.949367088607595	0.89010989010989	0.821428571428571	0.846153846153846	0.828571428571429	0.829545454545455	0.95	0.825581395348837	0.808	0.92817679558011	0.926829268292683	0.974358974358974	0.961038961038961	0.832786885245902	0.8	0.733870967741935	0.845425867507886	0.951219512195122	0.909722222222222
"AqFl2-21"	0.924137931034483	0.830508474576271	1	0.989130434782609	0.974193548387097	0.975609756097561	0.926056338028169	1	0.833333333333333	0.924731182795699	0.948717948717949	0.96	0.731707317073171	0.826771653543307	0.887096774193548	0.833333333333333	0.883720930232558	0.954198473282443	0.92948717948718	0.820224719101124	0	0.847682119205298	0.894736842105263	0.933962264150943	0.927631578947368	0.76	0.979166666666667	0.978102189781022	0.987261146496815	0.945945945945946	0.93	0.82258064516129	0.939759036144578	0.80952380952381	0.941176470588235	0.91304347826087	0.899543378995434	0.738095238095238	0.974358974358974	0.963768115942029	0.925373134328358	0.930379746835443	0.805555555555556	0.853658536585366	0.931952662721893	0.904761904761905	0.955128205128205	0.927083333333333	0.833333333333333	0.926829268292683	0.975409836065574	0.974358974358974	0.94	0.857142857142857	0.93558282208589	0.934640522875817	0.846153846153846	0.991935483870968	0.739130434782609	0.900862068965517	0.965753424657534	0.953488372093023	0.878787878787879	0.84375	0.909407665505226	0.758064516129032	0.848484848484849	0.93046357615894	0.951219512195122	0.934579439252336
"AqFl2-22"	0.730538922155689	0.889570552147239	1	0.975	0.957692307692308	0.993464052287582	0.708978328173375	0.993243243243243	0.896969696969697	0.716510903426791	0.986754966887417	0.956896551724138	0.899328859060403	0.681818181818182	0.965714285714286	0.980132450331126	0.967741935483871	0.944915254237288	0.722063037249284	0.774011299435028	0.847682119205298	0	0.973333333333333	0.958333333333333	0.715542521994135	0.87741935483871	0.987421383647799	0.95	0.949612403100775	0.986577181208054	0.718934911242604	0.84375	0.721763085399449	0.823899371069182	0.958762886597938	0.961538461538462	0.697416974169742	0.9	0.986666666666667	0.941908713692946	0.849122807017544	0.725212464589235	0.807228915662651	0.94	0.725067385444744	0.967320261437909	0.929961089494163	0.754437869822485	0.890243902439024	0.973684210526316	0.960526315789474	0.993377483443709	0.924603174603175	0.936708860759494	0.742465753424657	0.730434782608696	0.918238993710692	0.960526315789474	0.888888888888889	0.684587813620072	0.952191235059761	0.980519480519481	0.979452054794521	0.972413793103448	0.67601246105919	0.833333333333333	0.778378378378378	0.705357142857143	0.980263157894737	0.94392523364486
"AqFl2-23"	0.975438596491228	0.833333333333333	0.769230769230769	0.91044776119403	0.938931297709924	0.625	0.996478873239437	0.785714285714286	0.75	0.981818181818182	0.5	0.932038834951456	0.769230769230769	0.959677419354839	0.804878048780488	0.533333333333333	0.6	0.955357142857143	0.980519480519481	0.896103896103896	0.894736842105263	0.973333333333333	0	0.905882352941176	0.993421052631579	0.864864864864865	0.739130434782609	0.96551724137931	0.946969696969697	0.538461538461538	0.983108108108108	0.822222222222222	0.978461538461538	0.877551020408163	0.888888888888889	0.695652173913043	0.957547169811321	0.68	0.571428571428571	0.939655172413793	0.957446808510638	0.977491961414791	0.842105263157895	0.826086956521739	0.985119047619048	0.7	0.963768115942029	0.975177304964539	0.780487804878049	0.736842105263158	0.939393939393939	0.571428571428571	0.922480620155039	0.8	0.984472049689441	0.983388704318937	0.787878787878788	0.95	0.733333333333333	0.969298245614035	0.943548387096774	0.529411764705882	0.866666666666667	0.785714285714286	0.975524475524476	0.882352941176471	0.919540229885057	0.993355481727575	0.722222222222222	0.919540229885057
"AqFl2-24"	0.935483870967742	0.918918918918919	0.976470588235294	0.829268292682927	0.8	0.955056179775281	0.977011494252874	0.988505747126437	0.929203539823009	0.949101796407186	0.942528735632184	0.809210526315789	0.927083333333333	0.924731182795699	0.83495145631068	0.918604651162791	0.9	0.810126582278481	0.962264150943396	0.931506849315068	0.933962264150943	0.958333333333333	0.905882352941176	0	0.964285714285714	0.94392523364486	0.947368421052632	0.820987654320988	0.793103448275862	0.941176470588235	0.94017094017094	0.931034482758621	0.958656330749354	0.967213114754098	0.773913043478261	0.902173913043478	0.934306569343066	0.927835051546392	0.941860465116279	0.809815950920245	0.828947368421053	0.948648648648649	0.895161290322581	0.979166666666667	0.95959595959596	0.910112359550562	0.811111111111111	0.938053097345133	0.87962962962963	0.920454545454545	0.818791946308725	0.954022988505747	0.8	0.940594059405941	0.958115183246073	0.961432506887052	0.922330097087379	0.769230769230769	0.931372549019608	0.933797909407665	0.804733727810651	0.896551724137931	0.952380952380952	0.926829268292683	0.916666666666667	0.942148760330578	0.935483870967742	0.961111111111111	0.955555555555556	0.786764705882353
"AqFl2-25"	0.601941747572815	0.936102236421725	1	0.965217391304348	0.960687960687961	0.99672131147541	0.588089330024814	0.996666666666667	0.946372239747634	0.607407407407407	0.996710526315789	0.963157894736842	0.967320261437909	0.748484848484849	0.981651376146789	1	0.993548387096774	0.958441558441558	0.625287356321839	0.83596214511041	0.927631578947368	0.715542521994135	0.993421052631579	0.964285714285714	0	0.920529801324503	0.98705501618123	0.950649350649351	0.955555555555556	0.996688741721854	0.59375	0.912903225806452	0.577367205542725	0.888524590163934	0.976878612716763	0.987096774193548	0.656914893617021	0.957236842105263	0.990033222591362	0.942857142857143	0.881118881118881	0.619266055045872	0.881789137380192	0.963333333333333	0.563218390804598	0.993506493506494	0.937810945273632	0.648584905660377	0.943037974683544	0.996742671009772	0.96816976127321	0.996699669966997	0.934508816120907	0.947368421052632	0.620767494356659	0.595238095238095	0.958199356913183	0.965425531914894	0.957928802588997	0.634210526315789	0.944020356234097	0.990196078431373	1	1	0.592682926829268	0.914012738853503	0.833333333333333	0.56479217603912	0.99344262295082	0.961538461538462
"AqFl2-26"	0.905263157894737	0.767857142857143	0.971428571428571	0.943181818181818	0.953947368421053	0.894736842105263	0.92226148409894	0.942857142857143	0.75	0.91304347826087	0.891891891891892	0.934426229508197	0.761904761904762	0.8359375	0.904761904761905	0.95	0.883720930232558	0.954198473282443	0.92258064516129	0.734939759036145	0.76	0.87741935483871	0.864864864864865	0.94392523364486	0.920529801324503	0	0.886363636363636	0.939393939393939	0.967532467532468	0.916666666666667	0.915540540540541	0.719298245614035	0.920245398773006	0.770491803278688	0.928571428571429	0.863636363636364	0.889400921658986	0.767441860465116	0.888888888888889	0.916666666666667	0.92	0.916666666666667	0.716417910447761	0.794871794871795	0.922388059701493	0.930232558139535	0.961783439490446	0.91578947368421	0.870967741935484	0.9	0.949579831932773	0.918918918918919	0.918367346938776	0.697674418604651	0.919003115264797	0.916943521594684	0.846153846153846	0.966942148760331	0.765957446808511	0.900862068965517	0.936619718309859	0.875	1	0.972222222222222	0.916955017301038	0.815384615384615	0.760869565217391	0.923333333333333	0.925	0.944444444444444
"AqFl2-27"	0.976027397260274	0.88	0.85	0.933333333333333	0.926470588235294	0.681818181818182	0.993103448275862	0.8	0.836734693877551	0.97864768683274	0.727272727272727	0.926605504587156	0.852941176470588	0.961832061068702	0.923076923076923	0.791666666666667	0.75	0.957983193277311	0.977707006369427	0.917647058823529	0.979166666666667	0.987421383647799	0.739130434782609	0.947368421052632	0.98705501618123	0.886363636363636	0	0.984	0.964539007092199	0.7	0.976744186046512	0.909090909090909	0.97583081570997	0.872727272727273	0.945205479452055	0.766666666666667	0.958904109589041	0.888888888888889	0.714285714285714	0.951612903225806	0.95360824742268	0.981191222570533	0.893939393939394	0.866666666666667	0.982456140350877	0.862068965517241	0.986486486486487	0.972222222222222	0.86	0.807692307692308	0.943396226415094	0.772727272727273	0.942028985507246	0.837837837837838	0.978593272171254	0.977124183006536	0.880952380952381	0.972477064220184	0.902439024390244	0.974576271186441	0.946564885496183	0.814814814814815	1	0.956521739130435	0.979591836734694	0.933333333333333	0.925531914893617	0.983606557377049	0.8	0.958762886597938
"AqFl2-28"	0.943089430894309	0.934782608695652	0.991150442477876	0.8125	0.803030303030303	0.983050847457627	0.956403269754768	0.991228070175439	0.942857142857143	0.932203389830508	0.982905982905983	0.837988826815642	0.968253968253968	0.944186046511628	0.886363636363636	0.983050847457627	0.967213114754098	0.778409090909091	0.935400516795866	0.942196531791908	0.978102189781022	0.95	0.96551724137931	0.820987654320988	0.950649350649351	0.939393939393939	0.984	0	0.796954314720812	0.982608695652174	0.936	0.944055944055944	0.935643564356436	0.973154362416107	0.857142857142857	0.967741935483871	0.947194719471947	0.96031746031746	0.973913043478261	0.805405405405405	0.795081967213115	0.925064599483204	0.935064935064935	0.975409836065574	0.947242206235012	0.949152542372881	0.776649746192893	0.936813186813187	0.935251798561151	0.983333333333333	0.812865497076023	0.964912280701754	0.772020725388601	0.94488188976378	0.945409429280397	0.947916666666667	0.977777777777778	0.791666666666667	0.961832061068702	0.952830188679245	0.788359788359788	0.948717948717949	1	0.991228070175439	0.922865013774105	0.973509933774834	0.950819672131147	0.941952506596306	0.974576271186441	0.836363636363636
"AqFl2-29"	0.917989417989418	0.949367088607595	0.968992248062015	0.805031446540881	0.738916256157635	0.97037037037037	0.961240310077519	0.977099236641221	0.943037974683544	0.935656836461126	0.962406015037594	0.817708333333333	0.950704225352113	0.939655172413793	0.855172413793103	0.962686567164179	0.949275362318841	0.78125	0.946210268948655	0.947916666666667	0.987261146496815	0.949612403100775	0.946969696969697	0.793103448275862	0.955555555555556	0.967532467532468	0.964539007092199	0.796954314720812	0	0.961832061068702	0.930946291560102	0.957055214723926	0.928400954653938	0.976190476190476	0.74496644295302	0.927007299270073	0.920127795527157	0.943661971830986	0.962121212121212	0.781725888324873	0.767716535433071	0.933823529411765	0.936046511627907	0.971428571428571	0.942263279445728	0.932835820895522	0.767772511848341	0.923076923076923	0.915584415584416	0.970802919708029	0.793478260869565	0.962121212121212	0.780952380952381	0.952054794520548	0.942857142857143	0.945137157107232	0.946308724832215	0.745762711864407	0.945578231292517	0.933333333333333	0.741116751269036	0.940298507462687	0.992481203007519	0.984848484848485	0.923884514435696	0.958083832335329	0.934343434343434	0.942065491183879	0.955223880597015	0.801136363636364
"AqFl2-30"	0.985964912280702	0.904761904761905	0.555555555555556	0.923076923076923	0.961832061068702	0.642857142857143	1	0.727272727272727	0.853658536585366	0.992727272727273	0.5	0.961165048543689	0.791666666666667	0.975609756097561	0.878048780487805	0.642857142857143	0.684210526315789	0.982142857142857	0.99025974025974	0.948717948717949	0.945945945945946	0.986577181208054	0.538461538461538	0.941176470588235	0.996688741721854	0.916666666666667	0.7	0.982608695652174	0.961832061068702	0	0.993243243243243	0.91304347826087	0.984567901234568	0.916666666666667	0.936507936507937	0.714285714285714	0.976525821596244	0.8	0.583333333333333	0.956521739130435	0.973404255319149	0.987138263665595	0.913793103448276	0.8	0.991044776119403	0.789473684210526	0.985507246376812	0.985815602836879	0.853658536585366	0.764705882352941	0.96969696969697	0.583333333333333	0.953846153846154	0.821428571428571	0.993788819875776	0.993355481727575	0.84375	0.96969696969697	0.870967741935484	0.986899563318777	0.967741935483871	0.705882352941177	0.923076923076923	0.833333333333333	0.989547038327526	0.92	0.941860465116279	0.996655518394649	0.571428571428571	0.954022988505747
"AqFl2-31"	0.5470737913486	0.913907284768212	1	0.939759036144578	0.919896640826873	0.993311036789298	0.617647058823529	0.996610169491525	0.921311475409836	0.612903225806452	0.993288590604027	0.937158469945355	0.963333333333333	0.708860759493671	0.952076677316294	0.993311036789298	0.986798679867987	0.92972972972973	0.62093023255814	0.833333333333333	0.93	0.718934911242604	0.983108108108108	0.94017094017094	0.59375	0.915540540540541	0.976744186046512	0.936	0.930946291560102	0.993243243243243	0	0.878378378378378	0.595402298850575	0.886666666666667	0.958208955223881	0.97682119205298	0.663101604278075	0.953020134228188	0.989864864864865	0.910569105691057	0.841463414634146	0.601873536299766	0.865131578947368	0.959183673469388	0.619153674832962	0.990066225165563	0.923469387755102	0.634615384615385	0.921311475409836	0.986622073578595	0.927374301675978	0.986440677966102	0.9	0.935810810810811	0.632054176072235	0.600478468899522	0.950657894736842	0.933333333333333	0.946843853820598	0.621983914209115	0.906666666666667	0.979865771812081	1	1	0.598039215686274	0.905537459283388	0.80448717948718	0.600961538461538	0.993333333333333	0.921965317919075
"AqFl2-32"	0.886206896551724	0.709677419354839	0.978260869565217	0.927835051546392	0.944099378881988	0.918367346938776	0.910344827586207	0.956521739130435	0.693548387096774	0.885304659498208	0.893617021276596	0.931818181818182	0.833333333333333	0.814814814814815	0.904109589041096	0.918367346938776	0.865384615384615	0.942857142857143	0.883495145631068	0.765957446808511	0.82258064516129	0.84375	0.822222222222222	0.931034482758621	0.912903225806452	0.719298245614035	0.909090909090909	0.944055944055944	0.957055214723926	0.91304347826087	0.878378378378378	0	0.906626506024096	0.753623188405797	0.913978494623656	0.87037037037037	0.849315068493151	0.792452830188679	0.914893617021277	0.907801418439716	0.898058252427185	0.881410256410256	0.671232876712329	0.862745098039216	0.902654867256637	0.903846153846154	0.945454545454545	0.885017421602787	0.808823529411765	0.877551020408163	0.9375	0.914893617021277	0.903225806451613	0.824561403508772	0.895061728395062	0.891447368421053	0.796610169491525	0.945736434108527	0.810344827586207	0.863247863247863	0.927152317880795	0.833333333333333	0.978723404255319	0.956521739130435	0.88659793814433	0.842105263157895	0.75	0.901315789473684	0.92	0.922413793103448
"AqFl2-33"	0.6	0.934718100890208	0.990712074303406	0.953551912568306	0.92326139088729	0.984709480122324	0.60981308411215	0.987616099071207	0.931750741839763	0.621495327102804	0.984662576687117	0.95	0.954128440366973	0.745714285714286	0.959420289855072	0.984709480122324	0.981927710843373	0.950859950859951	0.591422121896163	0.841642228739003	0.939759036144578	0.721763085399449	0.978461538461538	0.958656330749354	0.577367205542725	0.920245398773006	0.97583081570997	0.935643564356436	0.928400954653938	0.984567901234568	0.595402298850575	0.906626506024096	0	0.890577507598784	0.964577656675749	0.972809667673716	0.659090909090909	0.947852760736196	0.978328173374613	0.9175	0.855203619909502	0.61978021978022	0.880952380952381	0.956656346749226	0.575492341356674	0.984894259818731	0.929078014184397	0.635535307517084	0.928571428571429	0.984802431610942	0.952020202020202	0.981481481481482	0.910194174757282	0.935384615384615	0.621212121212121	0.621923937360179	0.948948948948949	0.952020202020202	0.945454545454545	0.686746987951807	0.911111111111111	0.978658536585366	1	0.996932515337423	0.610599078341014	0.914201183431953	0.825581395348837	0.590804597701149	0.984756097560976	0.936842105263158
